15;0.040
15;3.542
11;0.079
1;0.238
12;0.109
52;0.095
54;0.433
54;7.187
55;0.232
0;0.057
16;0.756
16;1.354
17;0.556
21;0.222
44;17.078
44;8.323
44;13.605
44;16.763
47;5.691
24;0.355
43;1.672
42;0.331
43;0.305
3;0.417
27;0.142
23;0.922
23;2.458
4;0.095
19;1.060
20;0.232
23;0.217
13;0.358
18;0.167
2;0.427
6;0.767
7;3.458
7;0.122
8;0.046
9;0.759
14;0.707
1;3.216
22;0.135
10;0.310
50;0.177
53;0.000
49;5.515
49;7.684
51;0.407
51;0.143
49;0.876
38;0.282
56;3.346
56;0.638
-1;Infinity
-1;Infinity
30;0.483
41;0.114
29;0.198
47;0.260
32;0.327
28;0.086
44;0.282
46;0.386
48;3.997
48;5.120
48;6.347
37;0.230
48;7.959
48;7.993
48;0.878
45;0.464
31;4.110
35;6.761
31;0.256
25;7.603
35;0.218
25;0.320
39;2.405
36;0.435
40;4.690
33;0.196
34;0.183
40;4.271
39;0.315
40;0.360
40;7.726
26;5.094
26;0.469
35;2.614
