15544
15615
3223
11956
3116
11942
12009
11976
11995
2318
275
13259
2745
6315
8285
2830
210
9322
7866
4695
1028
1117
6629
6554
7037
7985
8152
2561
8651
9013
9215
9184
9391
148
187
7216
9253
87
311
2963
856
1917
3578
2921
7923
3039
3691
6463
9308
7775
6817
8210
2900
8961
9274
9629
1166
6932
910
959
13300
15470
15445
18244
15706
15974
19155
3891
18782
18351
6007
6205
8604
1235
8801
18009
8891
8426
16773
16611
16843
16248
17549
10729
9120
743
19362
16106
16519
16324
18196
19001
3263
4345
15913
17044
18471
802
18410
9516
15434
18519
1219
18926
16174
17173
16014
11734
19222
18718
18821
16060
16349
3955
3989
9565
16929
17224
17007
16409
4618
7554
7499
7725
4530
7662
4455
8708
4985
5115
11076
17369
628
10028
11484
9667
11544
17716
17806
17599
13179
675
9881
440
535
17619
635
668
703
9788
17492
11413
479
713
12293
3405
12699
6907
7244
7316
13889
4259
4289
1328
11836
10421
10566
13606
13815
10657
15080
14524
14052
14644
14993
15739
7398
13785
13698
10863
10242
10148
14180
14258
15239
1411
4154
4785
15134
3798
15267
4190
1381
3763
10796
15336
14550
15164
3795
4098
14998
5682
5832
