37;0.040
37;3.542
33;0.079
16;0.238
34;0.109
10;0.183
38;0.457
138;12.082
138;13.436
141;0.258
132;0.108
143;0.095
152;0.433
131;20.750
144;0.408
146;0.221
147;0.113
148;0.215
153;0.245
144;4.770
144;6.760
85;0.659
97;0.033
40;0.000
21;0.154
20;0.214
56;0.314
58;0.453
59;0.207
73;0.000
102;0.198
185;12.190
149;7.453
185;9.237
185;0.596
149;12.294
163;0.232
185;12.534
185;4.425
185;12.486
192;0.370
186;5.345
185;5.802
-1;Infinity
41;0.077
9;0.894
9;4.419
10;2.335
28;3.250
53;3.487
-1;Infinity
12;0.312
15;0.057
39;0.756
39;1.354
43;0.556
52;0.222
27;0.459
45;0.462
4;0.349
4;0.438
4;2.490
130;4.973
2;0.356
92;0.166
155;1.011
155;4.775
155;3.594
42;0.199
116;17.078
116;8.323
116;13.605
9;13.778
46;0.110
198;0.142
119;5.691
189;0.310
193;0.413
67;0.355
114;1.672
113;0.331
114;0.305
199;6.847
186;0.569
162;0.150
161;0.000
199;4.074
199;0.235
191;0.190
93;3.104
93;0.115
124;0.347
126;0.068
120;0.140
19;0.417
187;0.570
128;3.562
129;0.212
128;3.879
128;0.111
128;13.456
129;5.138
128;3.639
128;6.625
128;5.453
128;4.163
128;8.478
202;5.485
201;0.936
201;6.190
201;5.657
201;8.391
201;5.199
202;5.157
201;4.264
202;0.057
202;4.055
201;9.178
202;5.590
202;3.048
201;3.328
70;0.712
70;1.843
71;0.142
13;0.337
158;4.010
157;0.666
57;0.922
57;2.458
24;8.152
22;0.095
47;1.060
24;0.934
23;0.000
157;5.219
50;0.232
57;0.217
24;10.219
158;4.951
35;0.358
158;0.384
159;0.020
176;0.447
125;0.281
122;0.000
121;0.053
123;0.144
49;0.000
44;0.167
18;0.427
25;0.767
26;0.579
51;0.468
14;2.273
14;0.496
14;2.831
14;3.943
77;0.000
72;0.672
28;0.698
127;0.158
74;0.141
76;0.053
53;0.000
49;3.019
29;0.122
84;0.000
30;0.046
31;0.759
48;0.094
36;0.707
17;2.554
17;0.129
16;3.216
54;0.135
32;0.310
9;10.580
9;5.052
9;8.536
99;0.292
115;0.334
55;0.912
142;0.137
-1;Infinity
135;2.707
149;4.166
135;0.177
133;0.422
149;0.442
181;0.106
180;0.055
165;0.519
166;0.239
169;1.626
169;0.129
83;0.212
194;0.539
179;0.000
130;6.274
156;6.029
130;4.000
130;3.941
130;5.587
130;1.094
130;6.247
151;0.000
134;5.515
150;5.910
136;0.407
136;0.143
134;0.876
107;0.282
164;3.346
164;0.638
6;0.383
5;3.728
7;0.209
8;0.171
5;0.344
3;0.059
130;7.416
154;3.090
129;4.985
154;4.772
154;5.052
154;6.184
155;4.635
154;4.389
156;0.000
156;1.096
129;4.166
154;1.201
154;5.985
154;5.906
129;3.884
154;3.742
129;5.160
185;16.334
161;6.781
185;16.009
185;15.851
-1;Infinity
161;6.117
161;5.814
161;9.343
-1;Infinity
147;4.739
140;0.051
147;4.022
147;1.445
11;0.222
60;0.330
200;9.044
182;0.123
174;0.232
183;0.336
196;2.676
200;2.974
200;9.934
177;0.313
200;6.484
184;0.228
200;7.024
182;3.596
178;0.153
188;0.284
200;0.183
190;0.029
171;0.708
196;6.222
172;0.230
195;2.650
195;1.626
195;0.234
160;0.218
196;0.026
167;0.490
174;3.289
182;1.402
160;3.295
168;0.369
197;0.000
182;2.443
170;0.127
173;0.204
100;0.834
61;0.000
62;0.189
0;3.348
0;0.441
1;0.880
64;0.300
175;1.745
175;0.480
87;0.712
89;0.483
94;0.132
104;0.094
106;0.000
111;0.210
112;0.114
81;0.198
119;0.260
65;0.231
88;0.239
95;0.327
79;0.237
78;0.226
80;0.086
116;0.282
118;0.386
145;8.148
146;4.489
137;0.164
131;3.997
131;5.120
131;6.347
105;0.230
131;7.959
138;0.365
145;0.313
131;7.993
139;0.503
131;0.878
117;0.464
137;6.177
150;0.109
91;4.110
101;6.761
90;0.135
91;0.256
68;7.603
101;0.218
68;0.320
109;2.405
103;0.435
110;4.690
96;0.196
98;0.183
110;4.271
109;0.315
110;0.360
110;7.726
69;5.094
75;0.211
69;0.469
101;2.614
82;0.323
63;0.084
86;0.180
86;4.482
108;0.376
66;0.194
83;2.909
