-3.8597507;42.6295052
-3.7462130;42.6158257
-3.8047588;42.7100906
-3.8045862;42.7100410
-3.8008168;42.7362404
-3.8006375;42.7360802
-3.8015559;42.7361870
-3.8014908;42.7362213
-3.7962432;42.6855278
-3.7962196;42.6855812
-3.7986119;42.6885147
-3.7987390;42.6885605
-3.8020082;42.6913643
-3.8020222;42.6914177
-3.8045597;42.6971245
-3.8045840;42.6972046
-3.8040907;42.7010841
-3.8040814;42.7011452
-3.8011436;42.7214737
-3.8011749;42.7215652
-3.8038344;42.7338066
-3.8038371;42.7340202
-3.7760417;42.7277145
-3.7758858;42.7277260
-3.7911398;42.7279472
-3.7910063;42.7279701
-3.7966161;42.7315483
-3.7964828;42.7315598
-3.8511491;42.6922951
-3.8510122;42.6923676
-3.8119094;42.7082481
-3.8117983;42.7081909
-3.8209465;42.7097664
-3.8204136;42.7097473
-3.8453324;42.7140236
-3.8453567;42.7140770
-3.8450942;42.7216415
-3.8450956;42.7217369
-3.8410521;42.7254982
-3.8409457;42.7254677
-3.8356106;42.7256050
-3.8354912;42.7255592
-3.7808681;42.6633492
-3.7813246;42.6636238
-3.7860222;42.6673431
-3.7898324;42.6713448
-3.7914803;42.6735497
-3.7922630;42.6749992
-3.7920349;42.6760902
-3.7917783;42.6769829
-3.7971039;42.6841393
-3.7961023;42.6860085
-3.8536046;42.6893921
-3.8529894;42.6895447
-3.8527880;42.6894722
-3.8529689;42.6896324
-3.8527687;42.6897240
-3.8540597;42.6899261
-3.8548768;42.6909447
-3.8019412;42.6910439
-3.8023379;42.6930275
-3.8028572;42.6947136
-3.8019886;42.7048302
-3.8023403;42.7054634
-3.8031993;42.7075386
-3.8030915;42.7079201
-3.8034432;42.7079430
-3.8030748;42.7080688
-3.8032024;42.7081184
-3.8035378;42.7081413
-3.8035259;42.7082481
-3.8036363;42.7082672
-3.8030031;42.7082748
-3.8029916;42.7083282
-3.8039641;42.7083435
-3.8008156;42.7084808
-3.8006980;42.7082710
-3.8028286;42.7087059
-3.8029919;42.7087250
-3.8028038;42.7087326
-3.8025959;42.7086029
-3.8004065;42.7088013
-3.8011029;42.7088089
-3.8027618;42.7088394
-3.8034234;42.7088776
-3.8036225;42.7088547
-3.8035140;42.7086449
-3.8011818;42.7089195
-3.8008308;42.7089272
-3.8029928;42.7089539
-3.8036294;42.7089577
-3.8035865;42.7090149
-3.8024988;42.7090530
-3.8030670;42.7090759
-3.8031473;42.7091064
-3.8010952;42.7091484
-3.8033171;42.7091637
-3.8034272;42.7092018
-3.8012722;42.7092514
-3.8015637;42.7092514
-3.8036063;42.7092857
-3.8020668;42.7092896
-3.8015795;42.7093925
-3.8052769;42.7093735
-3.8052168;42.7094002
-3.8036411;42.7094574
-3.8034160;42.7094727
-3.8050499;42.7094803
-3.8049593;42.7093124
-3.8046932;42.7095566
-3.8044844;42.7093277
-3.8036406;42.7095718
-3.8033211;42.7096214
-3.8017292;42.7096481
-3.8017085;42.7096863
-3.8051448;42.7097359
-3.8219688;42.7097549
-3.8043497;42.7097740
-3.8044658;42.7100067
-3.8050444;42.7099724
-3.8048284;42.7101097
-3.8052189;42.7101097
-3.8162458;42.7101440
-3.8178153;42.7101898
-3.8017833;42.7102509
-3.8053467;42.7104378
-3.8065624;42.7104492
-3.8066516;42.7104759
-3.8082387;42.7111320
-3.8080380;42.7108765
-3.8077884;42.7111626
-3.8074896;42.7110481
-3.8085577;42.7111816
-3.8087373;42.7112274
-3.8082881;42.7113457
-3.8084798;42.7113533
-3.8024082;42.7113686
-3.8086464;42.7113838
-3.8026547;42.7124176
-3.8012447;42.7155914
-3.8008561;42.7169266
-3.8012285;42.7217979
-3.8012102;42.7226639
-3.8451231;42.7230988
-3.8451757;42.7240219
-3.8001211;42.7241096
-3.8450315;42.7241821
-3.8452094;42.7242546
-3.8448832;42.7243195
-3.8451462;42.7244263
-3.8449464;42.7245979
-3.8450208;42.7245140
-3.8431935;42.7245178
-3.8430958;42.7246132
-3.8428631;42.7245331
-3.8449903;42.7246170
-3.8445051;42.7246857
-3.8448770;42.7247200
-3.8449538;42.7247353
-3.8448143;42.7248039
-3.8432860;42.7248650
-3.8443413;42.7249184
-3.8430192;42.7249489
-3.8443751;42.7249603
-3.8430591;42.7249641
-3.8445995;42.7250023
-3.8433053;42.7250252
-3.8436086;42.7250900
-3.8437669;42.7250290
-3.8431959;42.7251015
-3.8439219;42.7251549
-3.8439596;42.7251549
-3.8449588;42.7251930
-3.8437865;42.7252045
-3.8435397;42.7252579
-3.8434722;42.7252693
-3.8434539;42.7251778
-3.8433478;42.7253151
-3.8431773;42.7253456
-3.8436692;42.7254333
-3.8443913;42.7255058
-3.8445542;42.7255096
-3.8411479;42.7255020
-3.8411369;42.7255211
-3.8424213;42.7255287
-3.8423209;42.7255478
-3.8419595;42.7254715
-3.8412824;42.7255516
-3.8415549;42.7254028
-3.8450453;42.7256203
-3.8452601;42.7255898
-3.8448713;42.7254181
-3.8447537;42.7256355
-3.8447902;42.7256584
-3.8409951;42.7256927
-3.8444657;42.7257004
-3.8437743;42.7257156
-3.8440518;42.7256203
-3.8445935;42.7258186
-3.8451395;42.7258224
-3.8437643;42.7258797
-3.8439283;42.7259636
-3.8443089;42.7260094
-3.8439510;42.7260857
-3.8437650;42.7261162
-3.8439751;42.7261620
-3.8438945;42.7261734
-3.8440218;42.7262726
-3.7745597;42.7278824
-3.7985241;42.7280006
-3.7986393;42.7283783
-3.7969937;42.7315369
-3.8015392;42.7329102
-3.8037937;42.7330780
-3.8038161;42.7333336
-3.8033350;42.7333717
-3.8007216;42.7334099
-3.8003805;42.7333679
-3.8013041;42.7334366
-3.8010061;42.7334633
-3.8009844;42.7332878
-3.8038232;42.7335052
-3.8013546;42.7335510
-3.8015456;42.7335587
-3.8006487;42.7335892
-3.8016601;42.7336197
-3.8011768;42.7336540
-3.8009048;42.7337151
-3.8016503;42.7338371
-3.8019459;42.7339478
-3.8016827;42.7341080
-3.8020351;42.7341957
-3.8018456;42.7343178
-3.8017554;42.7343407
-3.8017828;42.7344208
-3.8017020;42.7345085
-3.8036530;42.7346268
-3.8021958;42.7346725
-3.8019893;42.7347565
-3.8009872;42.7347908
-3.8018999;42.7350197
-3.8016090;42.7354088
-3.8021379;42.7359352
-3.8020699;42.7359695
-3.8005562;42.7361336
-3.8022790;42.7361450
-3.8024991;42.7361031
-3.8014565;42.7360840
-3.8011048;42.7364540
-3.8016443;42.7364960
-3.8012269;42.7365227
-3.8011813;42.7365837
-3.8020117;42.7364235
-3.8018403;42.7365875
-3.8008385;42.7366982
-3.8013294;42.7367287
-3.8013873;42.7367668
-3.8016622;42.7367668
-3.8012924;42.7368240
-3.8023715;42.7368240
-3.8019998;42.7368660
-3.8009269;42.7368698
-3.8007669;42.7369347
-3.8010812;42.7369232
-3.8006873;42.7369499
-3.8012292;42.7369957
-3.8002269;42.7384911
-3.8019986;42.7519379
-3.8437259;42.6242752
-3.8436525;42.6244240
-3.8181911;42.6180382
-3.8451588;42.6185303
-3.8450336;42.6193047
-3.8441896;42.6194305
-3.8450077;42.6194725
-3.8211725;42.6195030
-3.8449779;42.6197166
-3.8218732;42.6197205
-3.8219380;42.6197433
-3.8445702;42.6197586
-3.8443570;42.6197662
-3.8442714;42.6197701
-3.8441424;42.6197777
-3.8439379;42.6197929
-3.8438399;42.6198654
-3.8436143;42.6197319
-3.8436968;42.6199760
-3.8441238;42.6199875
-3.8442380;42.6200066
-3.8435833;42.6200294
-3.8433266;42.6199989
-3.8437710;42.6201134
-3.8456440;42.6201706
-3.8434477;42.6202240
-3.8438947;42.6203499
-3.8437309;42.6203537
-3.8435571;42.6215858
-3.8289084;42.6219215
-3.8438408;42.6227875
-3.8440228;42.6234207
-3.8423176;42.6240883
-3.8426578;42.6240959
-3.8425417;42.6241837
-3.8428864;42.6243515
-3.8436203;42.6245003
-3.8435504;42.6246948
-3.8434520;42.6247559
-3.8440144;42.6248360
-3.7505305;42.7165489
-3.7506759;42.7164688
-3.7514682;42.7165070
-3.7482173;42.7136841
-3.7481275;42.7135506
-3.7782128;42.6389046
-3.7781210;42.6388321
-3.7878976;42.6411896
-3.7878265;42.6411285
-3.7799208;42.6627693
-3.7800250;42.6628304
-3.7454128;42.6706276
-3.7456045;42.6705513
-3.7364957;42.6816025
-3.7363105;42.6814766
-3.7367911;42.6840858
-3.7367680;42.6839905
-3.7527571;42.7258835
-3.7526908;42.7258339
-3.7677908;42.7271881
-3.7676978;42.7272339
-3.7269027;42.7069588
-3.7267771;42.7069244
-3.7329588;42.7150421
-3.7328556;42.7150764
-3.7039692;42.7256966
-3.7037218;42.7257996
-3.7022426;42.7261505
-3.7020509;42.7261925
-3.6999192;42.7304497
-3.6997712;42.7306099
-3.6873488;42.7395744
-3.6870041;42.7397957
-3.7372301;42.6902122
-3.7373188;42.6902504
-3.7453010;42.6515770
-3.7437994;42.6449890
-3.7440252;42.6449394
-3.7436383;42.6443176
-3.7428432;42.6408043
-3.7432001;42.6406174
-3.7428589;42.6404076
-3.7427018;42.6404686
-3.7477467;42.6433907
-3.7395012;42.6236763
-3.7391188;42.6235275
-3.7453139;42.6259346
-3.7454541;42.6259918
-3.7658567;42.6329002
-3.7672491;42.6337738
-3.7693160;42.6351891
-3.7695518;42.6352959
-3.7700095;42.6355057
-3.7739773;42.6352119
-3.7733850;42.6355858
-3.7728384;42.6357880
-3.7726440;42.6358986
-3.7728477;42.6360321
-3.7723875;42.6360512
-3.7723622;42.6361237
-3.7729454;42.6361732
-3.7731633;42.6362648
-3.7729833;42.6363335
-3.7724097;42.6364250
-3.7733047;42.6364288
-3.7720642;42.6364555
-3.7742732;42.6364365
-3.7751367;42.6363297
-3.7740383;42.6364784
-3.7733049;42.6364822
-3.7741432;42.6365128
-3.7732930;42.6365204
-3.7739136;42.6365776
-3.7734194;42.6366081
-3.7724209;42.6366272
-3.7724645;42.6366501
-3.7724881;42.6366615
-3.7735357;42.6366920
-3.7721045;42.6367340
-3.7731938;42.6367340
-3.7738469;42.6368179
-3.7737691;42.6368294
-3.7728910;42.6368561
-3.7729414;42.6368790
-3.7740622;42.6369019
-3.7730246;42.6369171
-3.7729259;42.6369362
-3.7731361;42.6369667
-3.7725599;42.6369934
-3.7737138;42.6370354
-3.7735355;42.6370583
-3.7735932;42.6370659
-3.7723365;42.6370697
-3.7723522;42.6369133
-3.7731719;42.6370888
-3.7732899;42.6370964
-3.7720354;42.6371880
-3.7721138;42.6372261
-3.7723281;42.6372948
-3.7724791;42.6372948
-3.7733195;42.6373405
-3.7719219;42.6373634
-3.7723286;42.6374397
-3.7749598;42.6374817
-3.7754679;42.6375465
-3.7426775;42.6402893
-3.8000684;42.6461411
-3.8008499;42.6463852
-3.7528822;42.6464806
-3.8017836;42.6466866
-3.8192103;42.6501122
-3.8216414;42.6502838
-3.8219709;42.6499596
-3.8220663;42.6502838
-3.8201268;42.6503830
-3.8221762;42.6504211
-3.8216341;42.6504326
-3.8209896;42.6503181
-3.8202169;42.6498489
-3.8202469;42.6504860
-3.8211415;42.6505737
-3.8216159;42.6505890
-3.8211319;42.6506310
-3.8204274;42.6506538
-3.8201063;42.6506920
-3.8220520;42.6506958
-3.8217399;42.6507149
-3.8222556;42.6507988
-3.8219526;42.6509018
-3.8219361;42.6509399
-3.8219697;42.6511765
-3.8223855;42.6512070
-3.8209987;42.6512642
-3.8210139;42.6512909
-3.8206151;42.6514702
-3.8211343;42.6514893
-3.8208184;42.6514473
-3.7453184;42.6516571
-3.8203397;42.6517410
-3.8216276;42.6517448
-3.8213031;42.6517601
-3.7453494;42.6518021
-3.8214450;42.6518822
-3.8216662;42.6520805
-3.8214777;42.6522865
-3.8219962;42.6522942
-3.7691939;42.6563377
-3.7487419;42.6595421
-3.6604395;42.6613731
-3.6601913;42.6585732
-3.7495933;42.6630898
-3.7804818;42.6631126
-3.6625948;42.6662674
-3.6626310;42.6663284
-3.6636305;42.6690598
-3.7456582;42.6705284
-3.7371621;42.6759415
-3.6645660;42.6804314
-3.6646371;42.6808319
-3.6652811;42.6848183
-3.6653032;42.6849556
-3.6655047;42.6855049
-3.7560151;42.6857681
-3.7560279;42.6855850
-3.7557209;42.6857719
-3.7559974;42.6859398
-3.7564614;42.6859589
-3.7559161;42.6862755
-3.7558796;42.6863670
-3.7563941;42.6864891
-3.7565238;42.6865616
-3.7566609;42.6866493
-3.7571585;42.6866722
-3.7567379;42.6866951
-3.7563589;42.6867867
-3.7556627;42.6868362
-3.7562525;42.6869278
-3.7555690;42.6869659
-3.7558603;42.6870155
-3.6670773;42.6873894
-3.7535319;42.6889267
-3.7363565;42.6899376
-3.7452545;42.6892815
-3.6726978;42.6943207
-3.6728356;42.6946602
-3.6726489;42.6947327
-3.6720488;42.6945534
-3.6734400;42.6947708
-3.6728985;42.6948662
-3.6738191;42.6949081
-3.6747022;42.6950264
-3.6744425;42.6950455
-3.6741388;42.6950684
-3.6742759;42.6948776
-3.6739385;42.6951790
-3.6739879;42.6952362
-3.6731791;42.6952591
-3.6738658;42.6952858
-3.6749191;42.6953239
-3.6748793;42.6953392
-3.6737106;42.6953430
-3.6741879;42.6953888
-3.6742079;42.6954079
-3.6732986;42.6954231
-3.6742775;42.6954803
-3.6739712;42.6955833
-3.6737320;42.6956100
-3.6740644;42.6956367
-3.6744046;42.6956711
-3.6741407;42.6956825
-3.6734629;42.6957817
-3.6739385;42.6957855
-3.6740158;42.6958580
-3.6747365;42.6958885
-3.6747739;42.6958961
-3.6736174;42.6960716
-3.6736827;42.6961327
-3.6738236;42.6961365
-3.6737351;42.6961784
-3.6744807;42.6963463
-3.6739786;42.6970596
-3.7307410;42.7008209
-3.7014451;42.7017059
-3.7014749;42.7017593
-3.7016039;42.7020645
-3.7018077;42.7025604
-3.7017291;42.7026062
-3.7015605;42.7026443
-3.7017932;42.7027969
-3.6993363;42.7028313
-3.7016740;42.7028580
-3.7069485;42.7029572
-3.7069116;42.7029686
-3.7059648;42.7031021
-3.7060726;42.7028809
-3.7047322;42.7033539
-3.7046170;42.7034111
-3.7045081;42.7035065
-3.7049346;42.7036552
-3.7068446;42.7034531
-3.7065518;42.7038612
-3.7066507;42.7039986
-3.7008615;42.7045174
-3.7002521;42.7046204
-3.7001445;42.7038803
-3.7001581;42.7050323
-3.7281172;42.7072792
-3.7386260;42.7107239
-3.7387278;42.7107697
-3.7387865;42.7107964
-3.7387190;42.7108841
-3.7380612;42.7108994
-3.7382364;42.7109184
-3.7385700;42.7110748
-3.7387421;42.7110825
-3.7395942;42.7111397
-3.7387130;42.7111702
-3.7390733;42.7112732
-3.7394936;42.7113113
-3.7385712;42.7113533
-3.7402091;42.7114067
-3.7384589;42.7114334
-3.7407975;42.7115097
-3.7388885;42.7115135
-3.7394371;42.7115250
-3.7404296;42.7115479
-3.7383268;42.7115631
-3.7382157;42.7116470
-3.7380030;42.7115669
-3.7387545;42.7116508
-3.7376559;42.7117691
-3.7434952;42.7124405
-3.7441301;42.7126617
-3.7478919;42.7128601
-3.7478948;42.7127457
-3.7454970;42.7129555
-3.7484550;42.7130661
-3.7485142;42.7128220
-3.7479002;42.7131996
-3.7480109;42.7133102
-3.7480924;42.7135010
-3.7482681;42.7137566
-3.7480927;42.7137985
-3.7490094;42.7137833
-3.7484722;42.7140236
-3.7488258;42.7146225
-3.7484102;42.7144547
-3.7489288;42.7147484
-3.7490604;42.7146568
-3.7492325;42.7151222
-3.7493558;42.7151299
-3.7492657;42.7151642
-3.7420173;42.7152252
-3.7496221;42.7151451
-3.7442310;42.7158012
-3.7497232;42.7163124
-3.7521830;42.7163315
-3.7527997;42.7161179
-3.7519636;42.7163849
-3.7515144;42.7163887
-3.7497408;42.7164192
-3.7489603;42.7164917
-3.7498825;42.7165413
-3.7515693;42.7165947
-3.7504320;42.7166481
-3.7478840;42.7169838
-3.7524006;42.7171326
-3.7523024;42.7172356
-3.7492335;42.7173119
-3.7520223;42.7173920
-3.7516131;42.7175636
-3.7514505;42.7180176
-3.7229993;42.7187233
-3.7199063;42.7187881
-3.7197120;42.7191582
-3.7200122;42.7192574
-3.7200668;42.7192879
-3.7205875;42.7193565
-3.7203419;42.7194290
-3.7200491;42.7195244
-3.7200053;42.7195396
-3.7211142;42.7195091
-3.7206814;42.7196198
-3.7196622;42.7196503
-3.7202926;42.7197838
-3.7206488;42.7198181
-3.7204292;42.7198524
-3.7205541;42.7199020
-3.7188904;42.7199821
-3.7212057;42.7199249
-3.7207222;42.7199898
-3.7202382;42.7200317
-3.7208185;42.7201538
-3.7209291;42.7201691
-3.7196829;42.7201729
-3.7196183;42.7201958
-3.7203867;42.7202225
-3.7204213;42.7202492
-3.7200880;42.7202797
-3.7200065;42.7203178
-3.7181132;42.7203712
-3.7190552;42.7205887
-3.7494533;42.7208138
-3.7185457;42.7208481
-3.7170527;42.7208748
-3.7210653;42.7210464
-3.7181950;42.7212257
-3.7495763;42.7216454
-3.7507193;42.7221184
-3.7508926;42.7220726
-3.7497289;42.7222404
-3.7500775;42.7222786
-3.7506964;42.7226067
-3.7506783;42.7223778
-3.7503316;42.7226486
-3.7504218;42.7227478
-3.7500489;42.7228432
-3.7505553;42.7228813
-3.7497191;42.7228889
-3.7493963;42.7229767
-3.7493489;42.7229919
-3.7500393;42.7230186
-3.7497792;42.7230415
-3.7523055;42.7254829
-3.7043469;42.7255363
-3.7532885;42.7262535
-3.7018077;42.7262840
-3.7534809;42.7263794
-3.7566633;42.7274132
-3.7004542;42.7289543
-3.7556288;42.7307320
-3.6994388;42.7309036
-3.6929762;42.7333794
-3.6924891;42.7334747
-3.6849422;42.7404099
-3.7517469;42.7433739
-3.7281079;42.6281166
-3.7281170;42.6282082
-3.7423947;42.6401329
-3.7349753;42.6219368
-3.7348740;42.6217995
-3.7347429;42.6219711
-3.7344670;42.6220474
-3.7344627;42.6218643
-3.7348480;42.6216049
-3.7346356;42.6216583
-3.7345490;42.6219521
-3.7347798;42.6216850
-3.7284050;42.6239510
-3.7281036;42.6240234
-3.7270045;42.6243019
-3.7231655;42.6252708
-3.7274513;42.6237221
-3.7275834;42.6242485
-3.7276778;42.6241760
-3.7274182;42.6242638
-3.7276299;42.6245880
-3.7259691;42.6177139
-3.7275198;42.6239929
-3.7273636;42.6240730
-3.7276685;42.6240158
-3.7173586;42.6255226
-3.7175558;42.6251068
-3.7172744;42.6256485
-3.7169039;42.6254845
-3.7165508;42.6256905
-3.7172110;42.6257515
-3.7176268;42.6257820
-3.7174056;42.6258278
-3.7181170;42.6258888
-3.7205625;42.6259575
-3.7169974;42.6261444
-3.7168643;42.6261902
-3.7167408;42.6262131
-3.7175469;42.6262169
-3.7178235;42.6261826
-3.7173333;42.6262436
-3.7163870;42.6262474
-3.7156603;42.6262665
-3.7157497;42.6256218
-3.7155159;42.6262779
-3.7153583;42.6259842
-3.7155976;42.6263847
-3.7167268;42.6264305
-3.7163033;42.6264458
-3.7161703;42.6264839
-3.7192490;42.6264877
-3.7172763;42.6265411
-3.7158246;42.6265793
-3.7188883;42.6266518
-3.7193642;42.6266899
-3.7187352;42.6266975
-3.7196186;42.6267853
-3.7194014;42.6268044
-3.7200899;42.6268349
-3.7174425;42.6268501
-3.7167294;42.6268654
-3.7165194;42.6268959
-3.7178280;42.6269302
-3.7194507;42.6269875
-3.7174540;42.6270142
-3.7191479;42.6270447
-3.7158039;42.6270981
-3.7170742;42.6271057
-3.7188797;42.6271706
-3.7168143;42.6271706
-3.7173624;42.6272011
-3.7157586;42.6272697
-3.7196057;42.6272812
-3.7179406;42.6272850
-3.7158735;42.6274071
-3.7170222;42.6274071
-3.7156885;42.6274643
-3.7172718;42.6275864
-3.7150588;42.6276703
-3.7171052;42.6278687
-3.7172248;42.6281090
-3.7104518;42.6292191
-3.7283330;42.6298828
-3.7084785;42.6304016
-3.7309213;42.6327820
-3.7037227;42.6331978
-3.7036600;42.6332321
-3.7015028;42.6355667
-3.7006512;42.6372490
-3.6966529;42.6369057
-3.7368510;42.6379051
-3.7370727;42.6379890
-3.6762028;42.6442032
-3.6753335;42.6445847
-3.6741395;42.6479912
-3.6735227;42.6487999
-3.6708336;42.6505432
-3.6335156;42.6517792
-3.6546843;42.6522827
-3.6519339;42.6523170
-3.6551707;42.6524124
-3.6674502;42.6526871
-3.6494699;42.6529045
-3.6470439;42.6534843
-3.6597145;42.6536369
-3.6649439;42.6542854
