2;3;3.634
4;5;5.547
6;7;0.582
8;9;0.307
10;11;0.553
12;13;0.301
14;15;0.433
16;17;0.337
18;19;0.496
20;21;1.142
22;23;0.617
24;25;0.540
26;27;0.529
28;29;0.829
30;31;0.730
32;33;2.684
34;35;0.374
36;37;0.624
38;39;0.573
40;41;0.660
42;43;2.314
43;44;27.274
44;45;26.103
45;46;13.414
46;47;8.415
47;48;5.900
48;49;4.866
49;50;56.224
50;8;8.169
9;51;2.307
51;10;17.896
53;52;13.512
53;54;5.604
55;53;2.375
55;56;4.690
57;55;24.403
11;59;19.538
59;12;1.722
58;28;21.191
13;60;8.672
60;61;9.242
61;14;14.592
15;16;20.823
17;62;22.307
62;63;3.649
63;64;11.683
64;65;2.075
66;64;12.811
67;65;1.515
68;66;6.748
67;68;1.059
66;69;5.654
68;70;2.700
71;70;0.562
72;67;2.119
73;72;0.519
74;71;1.691
75;76;6.052
31;74;41.791
77;73;3.962
72;77;20.795
78;77;3.262
79;77;0.326
79;80;7.553
75;81;15.005
82;75;10.442
83;79;1.147
84;85;3.955
84;86;6.515
87;82;3.313
82;88;6.202
89;73;21.990
89;83;5.500
90;91;1.739
92;83;2.884
93;89;4.056
94;84;8.175
94;93;1.748
92;93;12.548
95;87;6.644
84;96;8.759
96;94;3.689
91;97;5.930
97;96;2.393
95;98;4.772
87;99;11.644
100;97;4.251
101;92;3.971
99;101;10.492
99;102;4.506
103;104;1.397
105;100;4.883
105;106;4.442
104;107;3.877
107;108;4.854
107;109;7.355
109;110;7.446
111;105;3.034
111;112;6.492
113;101;4.419
113;95;26.333
114;113;0.407
115;107;7.137
116;32;5.027
109;117;9.083
117;111;18.113
117;118;6.649
3;118;2.537
119;120;5.623
120;115;12.480
120;2;1.465
121;115;12.517
121;120;7.841
122;30;29.294
33;123;13.197
123;122;7.740
114;124;3.849
125;121;10.078
126;121;28.206
127;126;1.879
128;129;8.113
130;131;6.584
128;130;8.933
132;128;6.460
133;132;3.728
128;134;5.798
135;132;5.177
135;134;3.816
124;136;6.448
137;135;3.379
134;130;22.498
136;138;5.717
29;34;169.373
138;139;17.966
139;140;7.301
140;18;24.572
35;36;51.839
19;141;1.261
141;142;4.648
37;143;9.082
143;144;6.299
142;145;8.856
144;146;1.924
146;147;3.989
146;148;1.759
148;149;6.254
150;151;2.764
152;153;3.180
153;154;5.622
150;155;0.996
148;156;4.628
157;150;3.493
157;158;1.574
159;157;2.624
156;159;6.878
153;160;10.479
156;161;2.643
154;162;12.559
161;163;1.255
160;164;5.248
162;164;0.893
163;165;4.725
160;166;4.831
167;168;3.509
164;169;4.594
168;170;4.749
161;171;3.684
171;170;0.277
159;172;10.705
170;173;1.121
173;174;1.891
174;175;0.512
175;176;2.535
175;177;1.018
169;177;6.523
177;178;1.296
169;178;8.654
174;179;5.303
171;180;12.955
163;181;15.396
180;181;3.235
182;183;0.608
183;38;0.670
184;162;23.274
178;184;5.878
184;185;0.765
186;185;7.496
187;188;7.472
187;183;1.110
41;116;175.859
185;187;7.778
189;190;4.601
191;192;6.222
181;192;5.158
192;193;0.946
193;189;5.228
183;194;5.457
192;195;6.415
195;180;8.247
196;197;6.311
196;173;13.649
39;40;40.414
193;198;5.754
195;198;4.055
189;199;5.705
200;196;4.385
177;200;18.678
201;200;3.929
198;202;7.565
202;201;8.118
201;203;3.373
203;204;3.739
203;205;2.004
205;206;1.612
205;207;3.146
23;208;5.278
145;209;22.190
25;22;59.471
209;210;2.078
211;26;1.487
27;24;30.403
212;211;19.579
210;213;34.373
213;214;1.365
214;215;5.719
213;215;7.718
215;212;7.610
216;217;6.800
218;219;6.541
219;220;6.036
219;216;5.790
214;221;0.916
215;221;6.395
219;222;7.236
223;218;5.753
222;223;3.809
216;224;4.971
225;223;2.814
222;226;4.615
226;227;6.083
221;20;1.602
225;228;5.987
226;228;10.600
229;225;10.835
229;228;12.472
230;228;7.272
231;229;6.770
232;231;5.235
232;230;7.238
233;232;1.866
233;230;6.342
234;233;2.206
234;235;2.883
21;236;3.341
237;231;13.632
238;237;4.878
238;234;9.895
235;239;21.180
240;238;7.242
240;235;16.252
241;240;12.151
236;242;9.270
242;243;0.600
244;5;2.141
5;241;26.181
245;246;5.195
245;243;6.252
243;6;4.366
247;6;3.338
6;245;17.273
7;248;3.676
4;248;8.174
7;249;7.919
250;249;8.500
248;250;3.022
250;251;1.895
252;253;5.478
249;253;4.555
248;254;3.191
251;255;4.928
255;256;1.909
253;257;6.668
255;258;2.764
253;259;12.214
259;260;7.495
251;261;9.179
261;262;3.600
261;263;3.747
262;264;1.597
254;264;1.454
265;262;12.663
264;266;8.578
266;267;102.845
268;269;1.047
272;274;4.483
270;275;14.139
274;276;6.561
275;277;2.997
277;278;0.284
279;280;4.201
280;273;9.837
280;281;1.692
281;282;2.546
282;283;4.041
283;273;10.922
284;283;2.741
284;285;7.288
286;284;4.157
282;287;5.541
281;288;6.315
286;289;2.646
289;290;5.181
291;286;3.913
271;292;11.260
274;292;23.498
289;293;6.114
294;291;6.750
291;295;6.473
294;296;8.686
278;297;29.808
292;298;19.980
296;298;8.140
298;299;4.367
297;300;54.412
301;300;4.155
301;302;1.988
300;302;1.017
299;268;5.873
302;303;1.629
269;304;0.545
304;301;14.249
305;304;3.177
303;305;3.196
306;305;1.713
303;306;9.380
305;307;1.977
307;0;66.761
308;309;3.572
309;310;16.031
311;312;1.478
313;314;0.660
315;316;0.528
317;318;0.526
319;320;0.859
321;322;0.989
323;324;0.516
325;326;0.363
327;328;0.444
329;330;0.655
331;332;0.555
333;334;1.385
335;336;0.986
337;338;1.285
339;340;2.244
341;342;0.509
343;344;35.611
344;345;3.584
345;346;10.996
344;346;3.630
347;348;6.115
347;349;6.390
349;347;6.593
350;347;5.681
349;348;1.757
349;348;2.196
348;351;23.205
348;351;29.006
352;353;2.124
354;352;32.326
355;354;0.777
356;355;127.331
357;356;8.996
358;357;24.504
359;358;1.362
360;359;2.643
361;362;15.421
362;363;12.486
363;364;4.815
365;363;6.553
366;365;9.406
364;366;6.468
367;366;2.074
365;368;4.221
362;369;18.751
369;368;5.157
368;370;4.329
371;367;8.086
370;371;12.217
372;369;5.164
367;373;12.596
373;360;17.888
374;375;17.822
374;376;4.786
376;372;28.990
377;372;1.459
378;376;2.235
378;374;3.857
379;377;1.085
376;380;3.677
381;379;3.425
382;371;5.426
382;373;3.146
383;382;0.389
380;381;10.546
384;383;0.210
385;381;3.202
383;386;7.783
373;386;7.912
385;387;6.838
387;379;6.046
388;380;6.702
388;389;1.568
389;385;6.108
370;390;14.213
390;384;3.538
391;390;0.438
392;378;10.492
392;388;4.788
393;387;5.907
393;391;0.736
391;394;1.560
395;393;0.949
394;396;7.505
396;384;9.231
392;397;7.842
389;397;5.598
398;395;3.093
397;399;2.527
399;398;0.440
400;396;4.926
401;400;4.182
402;395;3.409
398;403;4.984
403;402;2.341
386;404;12.216
405;400;6.100
404;405;1.865
406;405;4.613
394;407;13.461
407;406;2.967
408;403;6.618
402;407;17.267
404;409;6.479
410;406;3.802
411;399;10.967
412;411;2.566
314;412;16.069
413;349;0.945
316;313;52.514
414;315;95.239
415;414;4.203
351;416;26.068
417;415;5.028
418;417;145.833
419;420;12.452
420;421;8.843
421;419;8.360
422;418;7.991
421;423;4.282
424;419;4.048
425;424;13.179
426;427;20.885
427;422;1.357
428;425;8.129
429;424;4.137
429;428;9.401
430;428;1.650
425;431;14.814
431;427;2.118
422;432;9.009
423;433;7.793
433;434;6.165
434;429;4.448
435;423;11.438
433;435;5.442
433;436;5.894
436;434;6.550
436;437;1.021
437;438;6.382
435;439;12.460
440;431;7.450
441;437;20.734
441;440;0.732
440;442;9.342
443;441;5.833
443;444;8.135
346;347;18.997
445;343;0.441
442;446;9.007
438;447;16.689
448;443;7.950
442;448;18.890
449;445;0.774
447;450;5.136
450;448;4.370
451;450;6.903
451;452;6.604
453;451;8.661
416;454;82.946
455;449;44.745
456;457;18.693
454;317;54.370
458;455;19.869
318;459;2.344
459;42;1.976
460;456;34.680
461;460;0.457
462;461;19.205
463;458;44.845
320;463;0.243
464;319;47.779
465;462;76.188
466;465;2.673
322;464;31.251
324;321;13.924
467;466;26.762
468;467;0.927
469;468;3.804
470;471;4.846
470;472;5.803
473;470;4.586
474;473;9.303
475;473;9.164
476;475;2.498
476;477;14.855
477;476;10.846
478;477;3.207
479;478;3.588
480;481;9.394
481;479;1.953
482;478;7.132
479;482;9.814
483;476;13.213
482;484;4.524
485;483;0.990
484;486;8.170
487;469;14.758
488;485;16.510
489;323;32.295
490;488;62.599
489;341;4.707
342;490;39.996
491;487;54.022
491;492;3.565
492;493;4.136
494;493;12.714
492;495;4.640
492;496;5.787
493;496;6.147
495;497;3.184
498;499;5.171
499;497;23.034
499;500;6.032
500;501;6.626
500;502;5.088
497;502;2.845
502;503;0.662
495;504;15.102
496;504;11.843
503;505;2.741
506;507;0.905
505;508;3.411
503;509;2.135
509;510;0.244
508;511;8.496
504;511;4.968
509;505;8.973
507;510;13.672
510;512;0.874
512;513;6.649
514;513;4.774
508;514;7.252
513;515;2.305
512;516;2.147
515;517;1.975
517;516;5.219
518;514;7.047
511;518;10.359
515;519;4.773
517;520;5.758
516;521;3.352
522;521;0.193
520;523;9.710
523;518;8.562
523;524;2.061
520;525;9.655
525;524;3.053
525;526;2.137
524;526;1.745
526;527;15.508
526;528;24.402
529;489;63.115
530;522;156.578
531;530;0.552
532;531;3.224
533;532;5.231
533;534;2.007
534;535;3.494
534;536;5.273
535;537;44.857
535;538;8.724
539;540;0.192
540;541;7.221
542;541;6.383
541;543;9.802
543;544;1.019
544;533;22.752
545;544;3.337
546;543;10.465
546;545;9.317
547;548;13.744
548;546;32.829
549;548;4.295
545;550;103.022
551;552;20.083
550;551;15.448
551;553;11.260
330;539;111.737
554;529;37.229
554;329;6.342
555;554;47.996
555;556;0.882
556;557;0.507
557;558;2.671
559;560;3.496
560;556;12.931
558;561;5.937
561;560;7.800
558;562;5.325
562;561;3.425
557;563;6.868
562;564;2.492
565;564;7.750
563;566;4.951
565;566;8.346
564;567;5.607
566;568;14.379
567;569;3.107
561;569;9.817
568;570;11.889
571;565;7.380
567;571;7.586
566;572;5.850
568;573;6.032
569;574;4.358
575;574;3.096
575;576;4.853
577;571;4.545
577;569;8.311
575;578;14.497
574;577;23.131
563;579;31.956
579;580;5.169
581;582;3.056
580;583;10.546
584;585;7.404
584;581;12.777
586;581;9.036
583;586;17.928
587;584;11.317
586;587;1.380
587;588;2.075
588;312;0.573
589;311;0.839
589;590;3.620
591;592;12.452
592;589;3.061
593;592;6.506
593;594;9.337
595;596;3.585
595;593;1.483
597;596;13.516
597;595;4.362
596;598;20.848
599;598;1.984
599;597;0.478
600;331;46.057
598;601;9.465
602;600;12.117
603;599;11.987
604;605;13.457
606;604;4.555
607;606;8.829
603;608;1.094
310;606;10.277
608;609;16.203
603;610;17.971
610;608;4.274
310;611;3.661
612;308;3.364
610;612;11.890
613;602;20.764
604;614;41.968
614;615;3.871
608;616;9.872
616;613;10.471
615;617;6.929
612;618;37.716
617;618;9.589
618;619;12.588
332;620;55.398
621;622;10.668
623;622;6.567
624;623;1.306
620;625;19.118
625;626;1.956
626;624;6.596
626;627;2.357
627;628;0.354
629;630;9.043
625;630;7.372
628;631;2.771
622;631;14.433
632;627;8.499
630;633;5.339
634;632;3.260
633;635;3.010
635;634;2.802
631;636;6.596
637;638;9.668
638;633;5.110
635;638;4.102
634;639;6.182
638;640;4.855
641;640;2.272
632;642;16.381
642;643;1.393
636;643;17.975
644;639;7.323
640;645;8.647
644;645;0.998
644;646;6.275
639;646;9.175
646;647;1.948
642;647;7.604
636;648;6.952
647;649;20.116
643;649;15.378
616;650;35.991
649;651;12.117
651;648;15.252
648;652;9.336
645;653;25.197
651;654;12.425
655;650;22.958
656;657;3.631
658;655;16.124
659;656;13.310
650;659;15.375
656;660;21.104
660;661;6.193
660;662;7.291
659;662;4.142
662;663;1.200
663;664;7.777
663;665;1.650
664;666;6.582
666;667;6.794
667;668;1.012
664;669;4.623
666;670;4.224
671;665;15.623
652;672;71.794
672;333;2.147
326;671;2.414
334;335;7.653
673;325;2.876
336;674;1.351
675;673;1.018
676;675;13.777
208;327;27.787
328;676;47.934
674;677;19.459
677;337;10.464
678;676;22.748
338;679;2.555
680;681;2.671
679;680;44.814
681;339;65.800
340;682;10.989
683;678;99.067
684;685;0.497
686;413;1.398
686;350;6.488
687;688;2.586
689;687;2.818
689;688;3.473
690;689;3.510
691;690;2.979
688;692;3.124
692;693;2.654
693;691;4.338
691;694;1.767
694;689;2.365
688;695;2.214
695;693;1.781
695;694;1.691
692;695;0.500
696;697;1.250
698;699;15.972
697;700;10.492
701;702;1.580
702;697;5.591
698;703;4.945
703;704;5.786
705;700;32.544
700;706;1.471
706;701;1.373
701;704;1.829
704;684;18.893
707;698;5.723
700;707;5.698
702;708;2.825
708;706;1.812
707;706;2.251
703;701;1.992
707;703;3.453
1;692;57.039
694;690;0.602
353;687;22.976
690;696;26.308
709;710;11.689
711;709;3.751
712;711;8.482
713;712;10.476
714;711;3.052
711;715;7.888
716;714;4.738
715;717;10.080
699;718;10.886
719;714;11.305
719;713;15.054
720;719;2.872
721;720;2.517
722;723;5.518
715;722;11.770
722;724;4.260
719;724;7.113
725;721;7.024
725;713;16.224
725;726;15.590
726;727;32.282
728;729;8.394
730;726;3.314
730;728;3.281
721;731;5.790
732;725;5.459
733;732;2.804
718;734;11.037
724;735;8.062
720;735;13.933
736;733;7.296
736;730;6.912
734;737;3.129
738;734;5.841
737;739;1.226
738;740;6.249
740;741;4.326
741;738;3.145
742;740;11.427
737;743;35.324
743;724;16.317
735;744;14.935
744;732;14.079
744;745;4.217
745;733;13.273
739;746;7.080
747;741;5.011
746;748;2.885
743;748;4.367
747;749;6.224
737;749;11.710
745;750;15.250
750;736;14.074
748;751;1.969
744;751;10.123
749;752;6.231
739;752;13.026
751;753;2.022
753;744;9.678
754;748;5.460
750;755;4.660
756;747;8.451
752;757;18.847
746;757;9.793
757;754;12.455
753;758;7.330
755;758;4.354
759;754;8.689
759;753;7.605
758;760;1.476
755;760;5.403
759;761;6.937
760;762;2.714
757;763;27.577
763;759;12.347
763;758;28.017
764;763;6.868
762;765;19.947
685;766;8.972
765;767;10.005
766;768;19.154
767;769;23.921
769;770;0.314
770;771;15.490
771;772;9.640
772;773;17.251
768;774;36.836
774;775;0.984
775;686;23.877
773;776;106.897
776;777;3.982
777;778;19.183
778;779;5.046
779;780;14.075
782;783;11.206
784;782;2.037
780;785;17.556
783;786;10.187
786;787;10.034
788;784;19.030
787;781;57.303
785;789;13.028
789;788;22.035
457;788;32.972
127;131;22.608
3;2;3.634
5;4;5.547
7;6;0.582
9;8;0.307
11;10;0.553
13;12;0.301
15;14;0.433
17;16;0.337
19;18;0.496
21;20;1.142
23;22;0.617
25;24;0.540
27;26;0.529
29;28;0.829
31;30;0.730
33;32;2.684
35;34;0.374
37;36;0.624
39;38;0.573
41;40;0.660
43;42;2.314
44;43;27.274
45;44;26.103
46;45;13.414
47;46;8.415
48;47;5.900
49;48;4.866
50;49;56.224
8;50;8.169
51;9;2.307
10;51;17.896
52;53;13.512
54;53;5.604
53;55;2.375
56;55;4.690
55;57;24.403
59;11;19.538
12;59;1.722
28;58;21.191
60;13;8.672
61;60;9.242
14;61;14.592
16;15;20.823
62;17;22.307
63;62;3.649
64;63;11.683
65;64;2.075
64;66;12.811
65;67;1.515
66;68;6.748
68;67;1.059
69;66;5.654
70;68;2.700
70;71;0.562
67;72;2.119
72;73;0.519
71;74;1.691
76;75;6.052
74;31;41.791
73;77;3.962
77;72;20.795
77;78;3.262
77;79;0.326
80;79;7.553
81;75;15.005
75;82;10.442
79;83;1.147
85;84;3.955
86;84;6.515
82;87;3.313
88;82;6.202
73;89;21.990
83;89;5.500
91;90;1.739
83;92;2.884
89;93;4.056
84;94;8.175
93;94;1.748
93;92;12.548
87;95;6.644
96;84;8.759
94;96;3.689
97;91;5.930
96;97;2.393
98;95;4.772
99;87;11.644
97;100;4.251
92;101;3.971
101;99;10.492
102;99;4.506
104;103;1.397
100;105;4.883
106;105;4.442
107;104;3.877
108;107;4.854
109;107;7.355
110;109;7.446
105;111;3.034
112;111;6.492
101;113;4.419
95;113;26.333
113;114;0.407
107;115;7.137
32;116;5.027
117;109;9.083
111;117;18.113
118;117;6.649
118;3;2.537
120;119;5.623
115;120;12.480
2;120;1.465
115;121;12.517
120;121;7.841
30;122;29.294
123;33;13.197
122;123;7.740
124;114;3.849
121;125;10.078
121;126;28.206
126;127;1.879
129;128;8.113
131;130;6.584
130;128;8.933
128;132;6.460
132;133;3.728
134;128;5.798
132;135;5.177
134;135;3.816
136;124;6.448
135;137;3.379
130;134;22.498
138;136;5.717
34;29;169.373
139;138;17.966
140;139;7.301
18;140;24.572
36;35;51.839
141;19;1.261
142;141;4.648
143;37;9.082
144;143;6.299
145;142;8.856
146;144;1.924
147;146;3.989
148;146;1.759
149;148;6.254
151;150;2.764
153;152;3.180
154;153;5.622
155;150;0.996
156;148;4.628
150;157;3.493
158;157;1.574
157;159;2.624
159;156;6.878
160;153;10.479
161;156;2.643
162;154;12.559
163;161;1.255
164;160;5.248
164;162;0.893
165;163;4.725
166;160;4.831
168;167;3.509
169;164;4.594
170;168;4.749
171;161;3.684
170;171;0.277
172;159;10.705
173;170;1.121
174;173;1.891
175;174;0.512
176;175;2.535
177;175;1.018
177;169;6.523
178;177;1.296
178;169;8.654
179;174;5.303
180;171;12.955
181;163;15.396
181;180;3.235
183;182;0.608
38;183;0.670
162;184;23.274
184;178;5.878
185;184;0.765
185;186;7.496
188;187;7.472
183;187;1.110
116;41;175.859
187;185;7.778
190;189;4.601
192;191;6.222
192;181;5.158
193;192;0.946
189;193;5.228
194;183;5.457
195;192;6.415
180;195;8.247
197;196;6.311
173;196;13.649
40;39;40.414
198;193;5.754
198;195;4.055
199;189;5.705
196;200;4.385
200;177;18.678
200;201;3.929
202;198;7.565
201;202;8.118
203;201;3.373
204;203;3.739
205;203;2.004
206;205;1.612
207;205;3.146
208;23;5.278
209;145;22.190
22;25;59.471
210;209;2.078
26;211;1.487
24;27;30.403
211;212;19.579
213;210;34.373
214;213;1.365
212;215;7.610
217;216;6.800
219;218;6.541
220;219;6.036
216;219;5.790
221;214;0.916
222;219;7.236
218;223;5.753
223;222;3.809
224;216;4.971
223;225;2.814
226;222;4.615
227;226;6.083
20;221;1.602
228;225;5.987
228;226;10.600
225;229;10.835
228;229;12.472
228;230;7.272
229;231;6.770
231;232;5.235
230;232;7.238
232;233;1.866
230;233;6.342
233;234;2.206
235;234;2.883
236;21;3.341
231;237;13.632
237;238;4.878
234;238;9.895
239;235;21.180
238;240;7.242
235;240;16.252
240;241;12.151
242;236;9.270
243;242;0.600
5;244;2.141
241;5;26.181
246;245;5.195
243;245;6.252
6;243;4.366
6;247;3.338
245;6;17.273
248;7;3.676
248;4;8.174
249;7;7.919
249;250;8.500
250;248;3.022
251;250;1.895
253;252;5.478
253;249;4.555
254;248;3.191
255;251;4.928
256;255;1.909
257;253;6.668
258;255;2.764
259;253;12.214
260;259;7.495
261;251;9.179
262;261;3.600
263;261;3.747
264;262;1.597
264;254;1.454
262;265;12.663
266;264;8.578
267;266;102.845
269;268;1.047
274;272;4.483
275;270;14.139
276;274;6.561
277;275;2.997
278;277;0.284
280;279;4.201
273;280;9.837
281;280;1.692
282;281;2.546
283;282;4.041
273;283;10.922
283;284;2.741
285;284;7.288
284;286;4.157
287;282;5.541
288;281;6.315
289;286;2.646
290;289;5.181
286;291;3.913
292;271;11.260
292;274;23.498
293;289;6.114
291;294;6.750
295;291;6.473
296;294;8.686
297;278;29.808
298;292;19.980
298;296;8.140
299;298;4.367
300;297;54.412
302;300;1.017
268;299;5.873
303;302;1.629
304;269;0.545
305;303;3.196
307;305;1.977
0;307;66.761
309;308;3.572
310;309;16.031
312;311;1.478
314;313;0.660
316;315;0.528
318;317;0.526
320;319;0.859
322;321;0.989
324;323;0.516
326;325;0.363
328;327;0.444
330;329;0.655
332;331;0.555
334;333;1.385
336;335;0.986
338;337;1.285
340;339;2.244
342;341;0.509
344;343;35.611
346;344;3.630
348;349;1.757
348;349;2.196
351;348;23.205
351;348;29.006
353;352;2.124
352;354;32.326
354;355;0.777
355;356;127.331
356;357;8.996
357;358;24.504
358;359;1.362
359;360;2.643
362;361;15.421
363;362;12.486
364;363;4.815
363;365;6.553
365;366;9.406
366;364;6.468
366;367;2.074
368;365;4.221
369;362;18.751
368;369;5.157
370;368;4.329
367;371;8.086
371;370;12.217
369;372;5.164
373;367;12.596
360;373;17.888
375;374;17.822
376;374;4.786
372;376;28.990
372;377;1.459
376;378;2.235
374;378;3.857
377;379;1.085
380;376;3.677
379;381;3.425
371;382;5.426
373;382;3.146
382;383;0.389
381;380;10.546
383;384;0.210
381;385;3.202
386;383;7.783
386;373;7.912
387;385;6.838
379;387;6.046
380;388;6.702
389;388;1.568
385;389;6.108
390;370;14.213
384;390;3.538
390;391;0.438
378;392;10.492
388;392;4.788
387;393;5.907
391;393;0.736
394;391;1.560
393;395;0.949
396;394;7.505
384;396;9.231
397;392;7.842
397;389;5.598
395;398;3.093
399;397;2.527
398;399;0.440
396;400;4.926
400;401;4.182
395;402;3.409
403;398;4.984
402;403;2.341
404;386;12.216
400;405;6.100
405;404;1.865
405;406;4.613
407;394;13.461
406;407;2.967
403;408;6.618
407;402;17.267
409;404;6.479
406;410;3.802
399;411;10.967
411;412;2.566
412;314;16.069
349;413;0.945
313;316;52.514
315;414;95.239
414;415;4.203
416;351;26.068
415;417;5.028
417;418;145.833
420;419;12.452
421;420;8.843
419;421;8.360
418;422;7.991
423;421;4.282
419;424;4.048
424;425;13.179
427;426;20.885
422;427;1.357
425;428;8.129
424;429;4.137
428;429;9.401
428;430;1.650
431;425;14.814
427;431;2.118
432;422;9.009
433;423;7.793
434;433;6.165
429;434;4.448
423;435;11.438
435;433;5.442
436;433;5.894
434;436;6.550
437;436;1.021
438;437;6.382
439;435;12.460
431;440;7.450
437;441;20.734
440;441;0.732
442;440;9.342
441;443;5.833
444;443;8.135
347;346;18.997
343;445;0.441
446;442;9.007
447;438;16.689
443;448;7.950
448;442;18.890
445;449;0.774
450;447;5.136
448;450;4.370
450;451;6.903
452;451;6.604
451;453;8.661
454;416;82.946
449;455;44.745
457;456;18.693
317;454;54.370
455;458;19.869
459;318;2.344
42;459;1.976
456;460;34.680
460;461;0.457
461;462;19.205
458;463;44.845
463;320;0.243
319;464;47.779
462;465;76.188
465;466;2.673
464;322;31.251
321;324;13.924
466;467;26.762
467;468;0.927
468;469;3.804
471;470;4.846
472;470;5.803
470;473;4.586
473;474;9.303
473;475;9.164
475;476;2.498
477;476;14.855
476;477;10.846
477;478;3.207
478;479;3.588
481;480;9.394
479;481;1.953
478;482;7.132
482;479;9.814
476;483;13.213
484;482;4.524
483;485;0.990
486;484;8.170
469;487;14.758
485;488;16.510
323;489;32.295
488;490;62.599
341;489;4.707
490;342;39.996
487;491;54.022
492;491;3.565
493;494;12.714
495;492;4.640
496;492;5.787
497;495;3.184
499;498;5.171
497;499;23.034
500;499;6.032
501;500;6.626
502;500;5.088
502;497;2.845
503;502;0.662
504;495;15.102
504;496;11.843
505;503;2.741
507;506;0.905
508;505;3.411
509;503;2.135
510;509;0.244
511;508;8.496
511;504;4.968
505;509;8.973
510;507;13.672
512;510;0.874
513;512;6.649
513;514;4.774
514;508;7.252
515;513;2.305
516;512;2.147
517;515;1.975
516;517;5.219
514;518;7.047
518;511;10.359
519;515;4.773
520;517;5.758
521;516;3.352
521;522;0.193
523;520;9.710
518;523;8.562
524;523;2.061
525;520;9.655
524;525;3.053
526;525;2.137
526;524;1.745
527;526;15.508
528;526;24.402
489;529;63.115
522;530;156.578
530;531;0.552
531;532;3.224
532;533;5.231
534;533;2.007
535;534;3.494
536;534;5.273
537;535;44.857
538;535;8.724
540;539;0.192
541;540;7.221
541;542;6.383
543;541;9.802
544;543;1.019
533;544;22.752
544;545;3.337
543;546;10.465
545;546;9.317
548;547;13.744
546;548;32.829
548;549;4.295
550;545;103.022
552;551;20.083
551;550;15.448
553;551;11.260
539;330;111.737
529;554;37.229
329;554;6.342
554;555;47.996
556;555;0.882
557;556;0.507
558;557;2.671
560;559;3.496
556;560;12.931
561;558;5.937
560;561;7.800
562;558;5.325
561;562;3.425
563;557;6.868
564;562;2.492
564;565;7.750
566;563;4.951
566;565;8.346
567;564;5.607
568;566;14.379
569;567;3.107
569;561;9.817
570;568;11.889
565;571;7.380
571;567;7.586
572;566;5.850
573;568;6.032
574;569;4.358
574;575;3.096
576;575;4.853
571;577;4.545
569;577;8.311
578;575;14.497
577;574;23.131
579;563;31.956
580;579;5.169
582;581;3.056
583;580;10.546
585;584;7.404
581;584;12.777
581;586;9.036
586;583;17.928
584;587;11.317
587;586;1.380
588;587;2.075
312;588;0.573
311;589;0.839
590;589;3.620
592;591;12.452
589;592;3.061
592;593;6.506
594;593;9.337
596;595;3.585
593;595;1.483
596;597;13.516
595;597;4.362
598;596;20.848
598;599;1.984
597;599;0.478
331;600;46.057
601;598;9.465
600;602;12.117
599;603;11.987
605;604;13.457
604;606;4.555
606;607;8.829
608;603;1.094
606;310;10.277
609;608;16.203
610;603;17.971
608;610;4.274
611;310;3.661
308;612;3.364
612;610;11.890
602;613;20.764
614;604;41.968
615;614;3.871
616;608;9.872
613;616;10.471
617;615;6.929
618;612;37.716
618;617;9.589
619;618;12.588
620;332;55.398
622;621;10.668
622;623;6.567
623;624;1.306
625;620;19.118
626;625;1.956
624;626;6.596
627;626;2.357
628;627;0.354
630;629;9.043
630;625;7.372
631;628;2.771
631;622;14.433
627;632;8.499
633;630;5.339
632;634;3.260
635;633;3.010
634;635;2.802
636;631;6.596
638;637;9.668
633;638;5.110
638;635;4.102
639;634;6.182
640;638;4.855
640;641;2.272
642;632;16.381
643;642;1.393
643;636;17.975
639;644;7.323
645;640;8.647
645;644;0.998
646;644;6.275
646;639;9.175
647;646;1.948
647;642;7.604
648;636;6.952
649;647;20.116
649;643;15.378
650;616;35.991
651;649;12.117
648;651;15.252
652;648;9.336
653;645;25.197
654;651;12.425
650;655;22.958
657;656;3.631
655;658;16.124
656;659;13.310
659;650;15.375
660;656;21.104
661;660;6.193
662;660;7.291
662;659;4.142
663;662;1.200
664;663;7.777
665;663;1.650
666;664;6.582
667;666;6.794
668;667;1.012
669;664;4.623
670;666;4.224
665;671;15.623
672;652;71.794
333;672;2.147
671;326;2.414
335;334;7.653
325;673;2.876
674;336;1.351
673;675;1.018
675;676;13.777
327;208;27.787
676;328;47.934
677;674;19.459
337;677;10.464
676;678;22.748
679;338;2.555
681;680;2.671
680;679;44.814
339;681;65.800
682;340;10.989
678;683;99.067
685;684;0.497
413;686;1.398
694;695;1.691
695;692;0.500
697;696;1.250
699;698;15.972
700;705;32.544
706;700;1.471
701;706;1.373
704;701;1.829
684;704;18.893
692;1;57.039
690;694;0.602
687;353;22.976
696;690;26.308
710;709;11.689
709;711;3.751
711;712;8.482
712;713;10.476
711;714;3.052
715;711;7.888
714;716;4.738
717;715;10.080
718;699;10.886
714;719;11.305
713;719;15.054
719;720;2.872
720;721;2.517
723;722;5.518
722;715;11.770
724;722;4.260
724;719;7.113
721;725;7.024
713;725;16.224
726;725;15.590
727;726;32.282
729;728;8.394
726;730;3.314
728;730;3.281
731;721;5.790
725;732;5.459
732;733;2.804
734;718;11.037
735;724;8.062
735;720;13.933
733;736;7.296
730;736;6.912
737;734;3.129
734;738;5.841
739;737;1.226
740;738;6.249
741;740;4.326
738;741;3.145
740;742;11.427
743;737;35.324
724;743;16.317
744;735;14.935
732;744;14.079
745;744;4.217
733;745;13.273
746;739;7.080
741;747;5.011
748;746;2.885
748;743;4.367
749;747;6.224
749;737;11.710
750;745;15.250
736;750;14.074
751;748;1.969
751;744;10.123
752;749;6.231
752;739;13.026
753;751;2.022
744;753;9.678
748;754;5.460
755;750;4.660
747;756;8.451
757;752;18.847
757;746;9.793
754;757;12.455
758;753;7.330
758;755;4.354
754;759;8.689
753;759;7.605
760;758;1.476
760;755;5.403
761;759;6.937
762;760;2.714
763;757;27.577
759;763;12.347
758;763;28.017
763;764;6.868
765;762;19.947
766;685;8.972
767;765;10.005
768;766;19.154
769;767;23.921
770;769;0.314
771;770;15.490
772;771;9.640
773;772;17.251
774;768;36.836
775;774;0.984
686;775;23.877
776;773;106.897
777;776;3.982
778;777;19.183
779;778;5.046
780;779;14.075
783;782;11.206
782;784;2.037
785;780;17.556
786;783;10.187
787;786;10.034
784;788;19.030
781;787;57.303
789;785;13.028
788;789;22.035
788;457;32.972
131;127;22.608
