34;0.040
34;3.542
30;0.079
7;0.238
31;0.109
1;0.183
137;0.076
137;4.665
137;5.077
137;3.588
143;3.438
143;0.442
144;0.370
143;6.877
143;5.210
143;1.759
137;5.369
142;0.104
141;2.848
141;0.441
89;0.176
108;0.258
99;0.108
110;0.095
119;0.433
98;20.750
111;0.408
113;0.221
114;0.113
115;0.215
120;0.245
111;4.770
111;6.760
96;0.113
136;1.344
36;0.000
14;0.154
13;0.214
51;0.314
53;0.453
54;0.207
116;7.453
149;0.596
-1;Infinity
146;0.232
149;4.425
150;0.370
124;0.331
124;24.464
37;0.077
93;0.604
95;1.930
95;0.278
0;0.894
0;4.419
1;2.335
49;3.487
97;0.490
3;0.312
6;0.057
35;0.756
35;1.354
39;0.556
48;0.222
18;0.000
87;4.973
9;0.013
96;3.626
92;3.092
131;12.898
79;0.000
74;0.440
74;5.379
74;3.959
74;3.877
78;7.663
78;4.082
78;2.331
78;4.378
126;1.011
126;4.775
126;3.594
38;0.199
38;1.334
41;0.113
0;24.501
0;22.674
0;17.689
0;13.778
42;0.110
56;0.355
70;1.672
69;0.331
70;0.305
75;0.537
75;5.167
75;11.108
75;5.798
75;5.844
77;9.202
75;3.647
75;6.443
75;5.912
123;4.070
124;1.449
123;0.652
123;10.027
123;3.597
124;28.292
124;24.085
124;26.681
124;30.901
12;0.417
75;5.325
84;12.888
84;4.295
84;7.914
128;9.610
84;13.959
84;0.211
128;15.966
84;1.699
84;3.124
122;5.022
84;5.458
122;8.323
122;0.142
121;9.062
122;2.172
122;8.515
84;4.109
84;14.629
77;10.770
84;11.158
84;8.225
75;7.218
75;9.207
84;6.528
84;4.981
84;6.287
84;6.646
84;9.821
85;18.866
84;11.709
84;7.442
84;8.182
84;4.876
85;29.222
84;9.527
84;9.445
84;9.705
85;3.562
86;0.212
128;8.097
128;6.421
85;3.879
85;0.111
84;6.989
85;6.034
128;5.762
85;8.382
86;4.883
85;13.456
84;7.681
86;5.138
85;3.639
85;6.625
84;9.523
85;5.453
85;4.163
85;8.478
83;6.139
77;4.119
77;7.603
77;4.298
83;4.289
74;6.028
77;6.300
74;6.315
77;1.872
74;6.125
83;6.504
77;5.781
77;7.687
83;2.879
77;5.353
83;7.964
77;1.840
83;0.011
82;5.288
164;6.462
164;3.627
140;3.857
76;0.460
80;2.342
81;0.395
140;5.729
76;6.127
82;5.528
76;3.676
140;8.812
140;6.129
81;1.236
164;3.841
82;0.412
81;2.320
140;2.225
80;0.119
82;1.484
82;4.649
140;4.323
81;1.610
80;3.110
76;6.462
140;2.042
139;8.964
139;3.759
139;5.108
139;8.437
140;3.945
139;0.505
140;0.463
139;3.584
139;8.855
139;2.947
139;3.517
139;3.334
139;0.807
140;4.968
162;5.485
161;0.936
161;6.190
161;5.657
161;8.391
161;5.199
162;5.157
161;4.264
162;0.057
162;4.055
161;9.178
162;5.590
162;3.048
161;3.328
92;0.574
94;0.125
94;1.221
165;0.197
97;2.876
17;0.820
58;0.142
4;0.337
133;4.010
130;0.666
52;0.922
52;2.458
21;8.152
15;0.095
43;1.060
132;0.276
21;0.934
16;0.000
130;5.219
46;0.232
52;0.217
21;10.219
132;3.416
32;0.358
88;0.939
131;0.206
133;0.384
134;0.020
45;0.000
40;0.167
11;0.427
22;0.767
23;0.579
47;0.468
5;2.273
5;0.496
5;2.831
5;3.943
24;0.344
49;0.000
45;3.019
26;0.122
27;0.046
28;0.759
44;0.094
33;0.707
8;2.554
8;0.129
7;3.216
50;0.135
29;0.310
0;10.580
0;5.052
0;8.536
91;0.000
20;0.100
109;0.137
102;2.707
116;4.166
102;0.177
100;0.422
116;0.442
87;6.274
128;6.029
87;4.000
87;3.941
87;5.587
87;1.094
87;6.247
118;0.000
101;5.515
117;5.910
103;0.407
103;0.143
101;0.876
66;0.282
147;3.346
147;0.638
25;0.693
163;5.888
163;8.770
163;4.863
163;6.440
137;9.984
163;3.744
163;2.367
163;0.563
163;4.623
107;7.770
163;8.352
163;11.761
163;5.136
163;6.218
163;5.814
121;18.388
121;14.619
121;15.608
121;12.159
121;12.935
121;16.277
153;11.012
156;5.228
156;5.342
156;5.342
156;6.342
156;5.018
157;7.452
153;3.870
153;0.124
153;0.644
155;5.363
155;6.367
155;6.949
155;5.579
155;7.249
158;6.602
155;4.322
159;4.969
159;0.101
155;0.000
154;8.562
154;9.921
154;9.285
157;1.908
157;2.701
157;8.727
157;7.944
156;4.663
152;3.720
152;3.195
152;3.720
152;9.214
153;11.569
152;10.017
153;13.206
153;16.299
153;13.115
157;5.422
158;2.212
157;5.211
152;5.239
152;5.419
152;8.412
154;6.125
154;4.001
152;5.644
154;8.807
154;1.725
154;4.039
154;3.425
154;3.624
154;3.836
159;4.005
154;6.801
154;6.172
157;6.489
157;8.369
157;8.617
157;7.030
83;6.290
157;7.913
157;1.856
153;11.378
-1;Infinity
154;3.605
154;8.227
152;7.398
154;8.268
153;2.389
153;3.314
154;1.879
154;3.367
154;0.085
154;3.813
154;0.692
154;4.000
154;1.701
159;5.391
158;9.727
152;9.584
154;1.738
154;2.640
154;2.414
154;3.018
154;3.585
153;7.890
153;6.492
154;9.494
153;5.835
153;5.928
153;6.858
159;1.680
159;5.062
153;4.004
153;6.439
153;4.900
157;3.601
157;3.701
157;3.969
157;3.392
157;2.596
157;2.695
157;2.659
157;0.703
157;0.139
157;0.864
158;3.827
158;5.940
154;3.015
156;2.427
157;1.692
153;8.929
153;4.970
153;7.044
157;4.293
156;2.139
152;0.922
158;0.616
157;4.387
158;3.603
157;4.656
157;3.587
157;4.249
127;0.405
87;7.416
125;3.090
127;5.125
127;2.939
127;4.098
86;4.985
125;6.712
125;4.772
125;5.052
125;6.184
127;2.934
126;4.635
125;4.389
129;8.110
128;0.000
127;6.300
127;4.002
128;1.096
86;4.166
127;4.495
125;1.201
125;5.985
125;4.603
125;5.906
86;3.884
129;0.231
127;5.080
125;3.742
129;4.708
128;4.545
86;5.160
127;3.056
135;3.338
142;3.888
138;3.436
135;4.198
138;0.159
135;6.037
138;4.099
135;6.386
163;7.198
135;3.456
135;8.513
135;8.732
135;2.995
138;4.101
135;3.434
135;3.183
136;5.213
135;0.526
135;1.922
135;5.338
138;3.520
138;2.914
114;7.471
114;4.739
107;4.795
107;0.051
114;4.022
114;1.445
90;0.592
2;0.222
55;0.330
151;9.044
151;2.974
-1;Infinity
151;6.484
148;0.228
151;0.183
146;6.980
19;0.000
10;0.140
73;0.260
84;8.970
160;5.166
84;10.597
84;10.873
160;9.060
160;4.148
164;2.956
160;7.618
160;8.074
160;5.187
140;6.209
140;4.656
160;6.721
160;5.101
162;8.018
160;3.622
164;2.812
160;5.931
160;6.118
160;4.104
164;9.498
160;4.596
164;0.146
160;6.471
160;3.643
160;3.224
160;6.654
164;3.683
84;4.706
160;1.794
160;6.586
60;0.327
72;0.386
112;8.148
113;4.489
104;0.164
98;3.997
98;5.120
98;6.347
65;0.230
98;7.959
105;0.365
112;0.313
98;7.993
106;0.503
98;0.878
71;0.464
104;6.177
117;0.109
59;4.110
63;6.761
59;0.256
57;7.603
63;0.218
57;0.320
67;2.405
64;0.435
68;4.690
61;0.196
62;0.183
68;4.271
67;0.315
68;0.360
68;7.726
63;5.494
63;2.614
123;2.538
123;8.917
121;5.496
122;6.116
128;11.335
123;6.949
123;5.163
121;4.706
121;4.444
123;8.895
123;4.137
121;0.917
128;9.387
121;10.533
121;8.356
121;9.810
121;5.522
121;10.658
121;7.251
122;4.335
123;9.393
123;8.014
121;8.408
123;7.286
121;6.595
