4431
1993
23257
4866
14873
16759
4951
1928
17194
5330
23760
16354
7914
3335
3424
15187
15112
14630
5130
23720
17517
15638
16473
16626
16880
18932
16978
17087
17056
17263
1866
1905
15816
17125
1804
5084
3154
4006
6666
5042
16411
6703
6806
15021
17180
16263
15416
16684
5021
16926
17146
3474
15533
3216
3265
23298
6873
26888
14763
27108
25605
26568
26505
26620
27033
25734
18776
26824
26927
6937
6971
25785
25568
23825
5689
7419
12606
11497
6146
6057
12933
12774
13066
11637
8816
10319
10449
18110
15974
2527
23182
17412
14485
3176
14549
4064
2950
4677
25930
2808
17915
18524
17557
18586
26273
26363
26156
23090
2855
17771
2620
2715
26176
2815
2848
2883
17678
26050
18453
2659
2893
28149
10049
7654
3887
21629
6439
21412
22207
21380
15508
16077
15317
16120
16192
22641
3107
2224
22759
13485
13158
2429
2351
2143
2312
30902
3558
18879
23617
3641
3611
23562
20187
20544
20872
21023
20085
19688
19836
21014
23985
14134
14284
19163
25499
14519
