1144
208
3561
2046
467
2651
2576
2908
3680
4231
4327
4296
4454
146
185
3030
4365
85
1277
1235
3618
2485
3470
2771
3823
1214
4386
2803
9259
7404
7670
1508
9797
9366
2278
4041
9024
4131
3901
8316
7944
8861
5292
10224
7802
8180
8020
9211
10016
1711
7609
8373
9486
9425
9534
9941
7870
8485
7710
5848
9733
9836
7756
8045
1572
1606
8536
8105
1969
3249
3194
3420
1881
3357
1806
8681
4908
5598
4547
5658
4761
284
379
4668
8804
5527
323
6288
621
5950
7062
7437
3093
6239
6161
5426
5081
4998
6485
6550
7209
704
1667
2136
1415
674
1380
5359
7278
6745
7155
1412
7067
