17;0.040
17;3.542
13;0.079
1;0.238
14;0.109
81;0.095
86;0.433
75;20.750
82;0.408
82;4.770
82;6.760
4;0.214
83;7.453
101;9.237
101;0.596
83;12.294
88;0.232
101;12.534
101;4.425
101;12.486
105;0.370
102;5.345
101;5.802
0;0.057
18;0.756
18;1.354
19;0.556
25;0.222
-1;Infinity
-1;Infinity
-1;Infinity
111;0.142
67;5.691
104;0.310
106;0.413
31;0.355
65;1.672
64;0.331
65;0.305
102;0.569
49;0.115
72;0.347
74;0.068
68;0.140
3;0.417
103;0.570
34;0.142
27;0.922
27;2.458
5;0.095
21;1.060
7;0.934
6;0.000
7;5.325
23;0.232
27;0.217
15;0.358
92;0.447
73;0.281
70;0.000
69;0.053
71;0.144
22;0.000
20;0.167
2;0.427
8;0.767
38;0.000
35;0.141
37;0.053
22;3.019
9;0.122
10;0.046
11;0.759
16;0.707
1;3.216
26;0.135
12;0.310
-1;Infinity
-1;Infinity
80;0.137
-1;Infinity
78;2.707
83;4.166
78;0.177
76;0.422
83;0.442
97;0.106
96;0.055
42;0.212
107;0.539
95;0.000
85;0.000
77;5.515
84;5.910
79;0.407
79;0.143
77;0.876
59;0.282
89;3.346
89;0.638
112;9.044
98;0.123
90;0.232
99;0.336
109;2.676
112;2.974
112;9.934
93;0.313
112;6.484
100;0.228
112;7.024
98;3.596
94;0.153
112;0.183
109;6.222
108;2.650
108;1.626
108;0.234
87;0.218
109;0.026
90;3.289
98;1.402
87;3.295
110;0.000
98;2.443
29;0.300
91;1.745
91;0.480
44;0.712
46;0.483
50;0.132
56;0.094
58;0.000
62;0.210
63;0.114
40;0.198
67;0.260
30;0.231
45;0.239
51;0.327
39;0.226
-1;Infinity
75;3.997
75;5.120
75;6.347
57;0.230
75;7.959
75;7.993
75;0.878
66;0.464
84;0.109
48;4.110
54;6.761
47;0.135
48;0.256
32;7.603
54;0.218
32;0.320
60;2.405
55;0.435
61;4.690
52;0.196
53;0.183
61;4.271
60;0.315
61;0.360
61;7.726
33;5.094
36;0.211
33;0.469
54;2.614
41;0.323
28;0.084
43;0.180
43;4.482
42;2.909
