112;0.040
112;3.542
24;0.486
108;0.079
83;0.238
109;0.109
77;0.183
256;0.104
113;0.457
548;0.076
548;4.665
548;5.077
548;3.588
554;3.438
554;0.442
555;0.370
554;6.877
554;5.210
554;1.759
548;5.369
553;0.104
552;2.848
552;0.441
404;0.176
519;0.258
510;0.108
521;0.095
530;0.433
509;20.750
522;0.408
524;0.221
525;0.113
526;0.215
531;0.245
522;4.770
522;6.760
411;0.113
444;0.096
36;0.120
0;0.645
0;5.548
0;10.104
0;8.204
314;0.208
314;3.180
316;0.390
322;0.235
323;0.000
318;0.144
227;0.549
221;0.085
394;1.265
547;1.344
156;0.238
149;0.792
209;5.750
209;0.347
209;4.343
146;0.397
175;0.659
158;0.719
187;0.033
336;5.187
280;0.394
280;1.737
280;2.904
325;0.702
362;0.000
363;0.158
368;0.413
328;0.246
417;1.183
2;0.646
115;0.000
472;0.544
476;1.308
473;0.704
427;1.891
90;0.154
89;0.214
132;0.314
134;0.453
135;0.207
159;0.000
193;0.198
206;0.274
594;12.190
527;7.453
594;9.237
594;0.596
527;12.294
562;0.232
594;12.534
594;4.425
594;12.486
603;0.370
595;5.345
594;5.802
60;0.008
72;0.000
427;0.271
52;10.605
47;0.366
52;11.122
54;8.244
68;0.205
54;0.907
69;0.087
115;8.799
535;0.331
535;24.464
451;0.480
116;0.077
408;0.604
410;1.930
410;0.278
315;0.285
76;0.894
76;4.419
77;2.335
101;3.250
129;3.487
412;0.490
228;0.213
508;2.708
288;5.436
137;7.372
171;15.991
171;0.563
148;7.916
143;0.000
168;0.615
312;7.890
626;4.947
79;0.312
327;1.375
488;0.054
229;0.598
39;0.861
3;0.830
482;0.162
438;0.392
82;0.057
494;0.629
114;0.756
114;1.354
118;0.556
128;0.222
260;0.099
273;0.425
230;0.700
261;2.074
261;0.535
288;0.784
172;0.327
172;2.049
100;0.459
94;0.000
480;3.249
381;0.274
56;0.845
120;0.462
478;0.697
6;0.984
231;0.018
231;6.040
231;2.151
235;5.575
260;1.961
393;0.035
396;0.365
383;0.435
382;0.633
387;0.593
400;0.562
388;0.056
384;0.282
385;0.478
262;0.572
219;0.000
358;0.351
233;0.341
49;0.901
66;0.349
66;0.438
66;2.490
419;0.229
378;4.973
329;0.764
338;0.085
357;0.133
330;0.689
247;0.362
296;12.373
296;13.857
296;0.000
298;0.425
299;8.660
295;8.601
296;5.411
295;6.973
295;5.273
295;6.936
296;8.937
297;5.997
299;2.372
299;0.218
295;5.532
295;7.333
295;6.108
296;3.885
299;4.447
299;4.019
295;9.045
296;4.352
296;9.100
296;6.122
295;11.584
295;6.159
298;3.252
296;10.331
297;7.829
296;9.023
299;5.675
298;5.731
296;3.029
295;7.945
296;4.978
298;4.154
296;8.953
295;9.725
295;9.691
296;7.030
296;8.957
295;10.696
296;6.174
295;1.114
295;7.646
295;13.437
299;6.759
477;0.593
317;0.565
333;0.719
333;1.010
355;6.285
242;0.588
85;0.013
467;0.212
336;0.128
411;3.626
407;3.092
542;12.898
40;0.187
63;0.356
305;0.000
300;0.440
300;5.379
300;3.959
300;3.877
304;7.663
304;4.082
304;2.331
304;4.378
257;0.041
258;0.522
232;0.566
268;0.615
272;0.502
234;0.436
278;0.190
253;0.000
218;0.000
216;0.501
225;0.163
337;5.152
341;0.516
266;0.563
51;0.635
52;3.534
52;5.033
52;0.330
29;0.085
53;0.234
182;0.166
537;1.011
537;4.775
537;3.594
117;0.199
117;1.334
121;0.113
446;0.908
7;0.046
462;0.750
447;0.114
9;0.954
15;0.536
210;17.078
210;8.323
210;13.605
76;13.778
487;0.082
565;0.591
122;0.110
11;1.145
12;0.580
13;0.078
495;0.075
469;0.774
397;0.000
5;0.113
267;0.000
487;14.754
487;9.447
487;10.415
27;0.828
610;0.142
213;5.691
598;0.310
604;0.413
269;0.014
452;0.481
480;0.563
450;0.211
150;0.355
207;1.672
205;0.331
207;0.305
485;0.387
320;0.366
313;0.477
321;0.218
319;0.114
611;6.847
595;0.569
559;0.150
558;0.000
611;4.074
611;0.235
599;0.441
602;0.190
608;0.135
183;3.104
183;0.115
264;0.128
265;0.174
265;3.167
235;0.419
275;0.477
276;0.575
286;0.126
289;0.417
249;0.948
249;6.918
249;8.412
55;0.503
326;0.337
415;0.281
259;0.347
236;0.529
277;0.068
226;0.140
383;7.303
491;0.405
480;8.115
301;0.537
301;5.167
301;11.108
301;5.798
301;5.844
303;9.202
301;3.647
301;6.443
301;5.912
534;4.070
535;1.449
534;0.652
534;10.027
534;3.597
482;5.907
482;2.686
482;5.570
482;6.265
535;28.292
535;24.085
535;26.681
535;30.901
370;0.211
324;1.800
324;6.959
364;0.496
324;7.043
349;3.007
364;3.143
88;0.417
248;0.239
248;4.570
352;0.156
359;0.365
418;0.018
453;0.340
481;4.208
499;0.561
481;0.083
489;0.279
596;0.570
430;0.598
335;0.248
301;5.325
375;12.888
375;4.295
375;7.914
539;9.610
375;13.959
375;0.211
539;15.966
375;1.699
375;3.124
533;5.022
375;5.458
533;8.323
533;0.142
532;9.062
533;2.172
533;8.515
375;4.109
375;14.629
303;10.770
375;11.158
375;8.225
301;7.218
301;9.207
375;6.528
375;4.981
375;6.287
375;6.646
375;9.821
376;18.866
375;11.709
375;7.442
375;8.182
375;4.876
379;0.436
398;0.147
399;0.144
399;2.201
401;0.598
376;29.222
375;9.527
375;9.445
375;9.705
376;3.562
377;0.212
539;8.097
539;6.421
376;3.879
376;0.111
375;6.989
376;6.034
539;5.762
376;8.382
377;4.883
376;13.456
375;7.681
377;5.138
376;3.639
376;6.625
375;9.523
376;5.453
376;4.163
376;8.478
309;6.139
303;4.119
303;7.603
303;4.298
309;4.289
300;6.028
303;6.300
300;6.315
303;1.872
300;6.125
309;6.504
303;5.781
303;7.687
309;2.879
303;5.353
309;7.964
303;1.840
309;0.011
308;5.288
625;6.462
625;3.627
551;3.857
302;0.460
306;2.342
307;0.395
551;5.729
302;6.127
308;5.528
302;3.676
551;8.812
551;6.129
307;1.236
625;3.841
308;0.412
307;2.320
551;2.225
306;0.119
308;1.484
308;4.649
551;4.323
307;1.610
306;3.110
302;6.462
551;2.042
550;8.964
550;3.759
550;5.108
550;8.437
551;3.945
550;0.505
551;0.463
550;3.584
550;8.855
550;2.947
550;3.517
550;3.334
550;0.807
551;4.968
623;5.485
622;0.936
622;6.190
622;5.657
622;8.391
622;5.199
623;5.157
622;4.264
623;0.057
623;4.055
622;9.178
623;5.590
623;3.048
622;3.328
17;0.659
402;8.846
407;0.574
413;7.626
413;4.176
402;6.436
413;7.579
413;5.007
409;0.125
402;17.676
404;33.237
413;1.302
409;1.221
628;2.810
412;6.381
413;7.256
628;0.197
412;11.956
412;2.876
628;4.058
402;18.889
402;5.176
413;4.419
402;2.380
413;6.229
413;4.211
413;6.000
93;0.820
263;0.187
274;0.564
471;15.019
153;0.712
153;1.843
479;0.341
475;0.426
154;0.142
22;0.613
455;0.425
80;0.337
360;0.348
439;0.378
456;0.682
431;0.143
544;4.010
541;0.666
133;0.922
133;2.458
97;8.152
91;0.095
123;1.060
543;0.276
97;0.934
92;0.000
541;5.219
126;0.232
133;0.217
97;10.219
543;3.416
361;0.332
188;0.210
202;0.000
391;1.074
395;0.000
110;0.358
440;0.360
394;4.387
250;0.438
432;0.423
428;1.099
414;1.163
233;4.894
233;5.925
403;0.939
18;0.407
542;0.206
544;0.384
545;0.020
449;0.329
448;0.096
464;0.498
445;0.117
465;0.178
582;0.447
389;0.591
270;0.281
238;0.000
237;0.053
239;0.144
43;0.651
25;1.029
420;0.600
125;0.000
155;0.157
337;0.098
486;5.723
486;0.406
501;3.322
501;0.080
339;0.198
119;0.167
87;0.427
98;0.767
99;0.579
48;3.009
48;0.343
421;0.540
297;1.031
297;5.304
355;0.026
26;1.515
127;0.468
37;0.739
81;2.273
81;0.496
81;2.831
81;3.943
163;0.000
157;0.672
437;0.526
101;0.698
340;0.113
372;0.095
331;0.096
240;0.710
290;0.158
223;0.355
102;0.344
160;0.141
162;0.053
487;7.595
58;5.380
58;4.309
58;6.554
245;0.159
599;7.079
558;16.576
558;23.646
599;10.457
599;4.501
599;15.008
59;0.480
52;2.106
71;0.108
55;1.364
441;1.240
129;0.000
334;0.861
502;0.046
496;0.138
279;0.249
241;1.100
263;5.549
263;4.037
263;2.241
284;0.069
425;0.531
436;0.000
393;2.187
474;0.359
443;1.398
125;3.019
104;0.122
342;1.400
363;3.044
173;0.000
105;0.046
106;0.759
124;0.094
111;0.707
84;2.554
84;0.129
83;3.216
130;0.135
107;0.310
471;7.132
471;5.271
473;4.810
471;1.514
471;8.073
285;0.216
243;1.085
76;10.580
76;5.052
76;8.536
251;0.105
28;0.335
282;0.290
287;0.228
454;1.042
492;0.591
490;0.184
365;0.139
8;0.019
57;1.295
406;0.000
349;0.566
422;1.506
190;0.292
208;0.334
42;0.128
96;0.100
131;0.912
366;0.241
332;3.525
332;0.643
497;0.126
498;0.264
500;0.064
493;0.155
50;4.055
50;3.574
50;4.157
520;0.137
513;2.707
527;4.166
513;0.177
511;0.422
527;0.442
243;0.429
380;0.745
588;0.106
587;0.055
564;0.519
589;0.718
566;0.239
586;0.235
23;0.590
344;0.685
575;1.626
575;0.129
468;0.586
458;0.232
170;0.212
560;0.528
591;0.208
569;0.445
601;4.920
573;0.375
561;0.338
599;7.517
570;0.161
601;8.903
601;0.256
568;0.297
567;0.267
605;0.539
434;0.402
244;1.142
367;0.298
470;0.728
281;2.026
252;5.644
585;0.000
347;0.252
350;0.088
4;0.237
291;0.192
371;1.080
371;0.000
343;0.384
459;1.226
460;0.506
457;0.373
64;0.166
378;6.274
539;6.029
378;4.000
378;3.941
378;5.587
378;1.094
378;6.247
529;0.000
512;5.515
528;5.910
514;0.407
514;0.143
512;0.876
30;0.526
198;0.282
563;3.346
563;0.638
32;0.445
41;0.276
461;0.743
292;0.347
58;0.000
103;0.693
624;5.888
624;8.770
624;4.863
624;6.440
548;9.984
624;3.744
624;2.367
624;0.563
624;4.623
518;7.770
624;8.352
624;11.761
624;5.136
624;6.218
624;5.814
532;18.388
532;14.619
532;15.608
532;12.159
532;12.935
532;16.277
614;11.012
617;5.228
617;5.342
617;5.342
617;6.342
617;5.018
618;7.452
614;3.870
614;0.124
614;0.644
616;5.363
616;6.367
616;6.949
616;5.579
616;7.249
619;6.602
616;4.322
620;4.969
620;0.101
616;0.000
615;8.562
615;9.921
615;9.285
618;1.908
618;2.701
618;8.727
618;7.944
617;4.663
613;3.720
613;3.195
613;3.720
613;9.214
614;11.569
613;10.017
614;13.206
614;16.299
614;13.115
618;5.422
619;2.212
618;5.211
613;5.239
613;5.419
613;8.412
615;6.125
615;4.001
613;5.644
615;8.807
615;1.725
615;4.039
615;3.425
615;3.624
615;3.836
620;4.005
615;6.801
615;6.172
618;6.489
618;8.369
618;8.617
618;7.030
309;6.290
618;7.913
618;1.856
614;11.378
615;3.605
615;8.227
613;7.398
615;8.268
614;2.389
614;3.314
615;1.879
615;3.367
615;0.085
615;3.813
615;0.692
615;4.000
615;1.701
620;5.391
619;9.727
613;9.584
615;1.738
615;2.640
615;2.414
615;3.018
615;3.585
614;7.890
614;6.492
615;9.494
614;5.835
614;5.928
614;6.858
620;1.680
620;5.062
614;4.004
614;6.439
614;4.900
618;3.601
618;3.701
618;3.969
618;3.392
618;2.596
618;2.695
618;2.659
618;0.703
618;0.139
618;0.864
619;3.827
619;5.940
615;3.015
617;2.427
618;1.692
614;8.929
614;4.970
614;7.044
618;4.293
617;2.139
613;0.922
619;0.616
618;4.387
619;3.603
618;4.656
618;3.587
618;4.249
70;0.383
67;3.728
73;0.209
74;0.171
67;0.344
65;0.059
538;0.405
378;7.416
536;3.090
538;5.125
538;2.939
538;4.098
377;4.985
536;6.712
536;4.772
536;5.052
536;6.184
538;2.934
537;4.635
536;4.389
540;8.110
539;0.000
538;6.300
538;4.002
539;1.096
377;4.166
538;4.495
536;1.201
536;5.985
536;4.603
536;5.906
377;3.884
540;0.231
538;5.080
536;3.742
540;4.708
539;4.545
377;5.160
538;3.056
546;3.338
553;3.888
549;3.436
546;4.198
549;0.159
546;6.037
549;4.099
546;6.386
624;7.198
546;3.456
546;8.513
546;8.732
546;2.995
549;4.101
546;3.434
546;3.183
547;5.213
546;0.526
546;1.922
546;5.338
549;3.520
549;2.914
483;0.168
483;6.090
506;0.282
503;0.199
484;0.205
504;0.801
594;16.334
558;6.781
558;13.522
558;15.394
558;13.315
558;12.387
558;8.573
558;10.789
558;6.117
558;5.814
558;9.343
525;7.471
525;4.739
518;4.795
518;0.051
525;4.022
525;1.445
435;4.455
423;0.552
405;0.592
44;0.629
33;0.196
34;0.573
78;0.222
136;0.330
75;0.110
442;0.490
612;9.044
590;0.123
580;0.232
592;0.336
607;2.676
612;2.974
612;9.934
583;0.313
612;6.484
593;0.228
612;7.024
590;3.596
584;0.153
597;0.284
612;0.183
600;0.029
577;0.708
607;6.222
578;0.230
606;2.650
606;1.626
606;0.234
557;0.218
607;0.026
571;0.490
580;3.289
590;1.402
557;3.295
572;0.369
609;0.000
590;2.443
576;0.127
579;0.204
463;0.496
191;0.834
141;0.000
142;0.189
482;3.972
482;3.622
61;3.348
61;0.441
345;0.374
69;3.835
50;2.567
50;0.403
246;2.043
346;0.236
16;0.643
283;0.217
293;0.582
254;0.771
31;0.586
416;0.298
348;0.904
351;0.886
574;0.000
62;0.880
435;0.650
252;0.199
294;0.229
255;0.902
220;0.585
495;5.706
38;0.462
95;0.000
386;0.365
428;1.418
428;0.454
428;1.865
222;0.586
390;0.927
214;0.021
174;0.241
466;0.453
433;0.672
224;0.163
426;0.151
145;0.300
429;0.453
581;1.745
581;0.480
271;0.000
281;0.121
217;0.372
505;0.087
353;0.301
392;0.055
35;0.913
86;0.140
369;0.000
354;0.302
356;0.342
177;0.712
179;0.483
184;0.132
195;0.094
197;0.000
203;0.210
204;0.114
167;0.198
213;0.260
147;0.231
375;8.970
621;5.166
375;10.597
375;10.873
621;9.060
621;4.148
625;2.956
621;7.618
621;8.074
621;5.187
551;6.209
551;4.656
621;6.721
621;5.101
623;8.018
621;3.622
625;2.812
621;5.931
621;6.118
621;4.104
625;9.498
621;4.596
625;0.146
621;6.471
621;3.643
621;3.224
621;6.654
625;3.683
375;4.706
621;1.794
621;6.586
178;0.239
185;0.327
165;0.237
164;0.226
166;0.086
210;0.282
212;0.386
523;8.148
524;4.489
515;0.164
509;3.997
509;5.120
509;6.347
196;0.230
509;7.959
516;0.365
523;0.313
509;7.993
517;0.503
509;0.878
211;0.464
515;6.177
528;0.109
181;4.110
192;6.761
180;0.135
181;0.256
151;7.603
192;0.218
151;0.320
200;2.405
194;0.435
201;4.690
186;0.196
189;0.183
201;4.271
200;0.315
201;0.360
201;7.726
152;5.094
161;0.211
152;0.469
192;2.614
169;0.323
144;0.084
176;0.180
176;4.482
199;0.376
148;0.194
170;2.909
534;2.538
534;8.917
532;5.496
533;6.116
539;11.335
534;6.949
534;5.163
532;4.706
532;4.444
534;8.895
534;4.137
532;0.917
539;9.387
532;10.533
532;8.356
532;9.810
532;5.522
532;10.658
532;7.251
533;4.335
534;9.393
534;8.014
532;8.408
534;7.286
532;6.595
