20693
20371
24080
32899
80924
44997
35112
43068
75420
43417
121137
44181
44593
44477
121715
43578
93199
59444
65271
120466
122752
122487
62103
78584
18270
66575
68783
45763
74800
42255
82629
93694
82993
89092
89046
96890
21365
68989
94894
32769
39961
83077
76532
66502
89167
122787
20371
26081
68064
36823
92416
42090
42164
42339
26269
48261
34530
75496
83436
71398
25808
92136
94396
40026
81751
85686
37035
85671
25944
25989
85740
71485
25794
85707
85726
89314
27198
18452
89202
32223
62302
69106
33264
18387
73762
39645
96928
67627
51107
24946
25035
63060
62985
61119
34326
94988
76638
63519
67746
67913
31791
69874
70378
83492
73180
73652
73621
73831
18321
18362
64082
73690
18143
18589
33535
24265
26648
42772
33493
67684
34604
42809
44034
62893
73747
66896
63289
68914
33472
71805
73713
76714
25086
63411
24827
24876
89244
30495
29428
30375
30494
91955
91928
31105
101378
96224
22750
97423
102355
22663
46412
101938
101485
61499
61949
67014
22905
69427
23068
25179
70486
101138
70576
69247
99900
99738
99970
97697
31850
100677
79117
31464
34252
73555
95756
22963
102562
97555
99646
97773
101330
102163
42398
47433
97362
100171
101607
23105
63864
101544
76410
91915
101659
25163
102088
97623
100300
97463
82726
102422
101872
101977
63825
97509
97798
46483
25147
46521
76459
22862
100056
100351
100134
97861
95651
30494
41687
96469
41590
36464
94786
22054
95281
70299
96030
41409
48904
22178
27579
32582
33832
35374
41463
36685
41629
48132
48617
66242
66187
66413
70227
72196
39534
77699
80305
70979
92511
37734
51240
47641
64638
74703
94481
41307
93544
94645
18533
41064
41361
48814
33695
34014
36504
61182
47811
47881
41976
45107
41747
45976
66350
96500
41224
33591
61300
47725
47981
48739
41120
72113
23220
96431
74891
93351
72367
74427
47927
74923
34087
11959
70328
81025
83351
93397
94582
38585
38136
68559
38799
38698
40327
49623
57530
56410
40789
40696
57863
57702
57997
56552
30452
30569
30253
46942
21545
26768
21703
39209
21954
46834
46757
46859
21808
21881
50671
23287
48403
32381
23620
37299
37483
70115
76889
39453
71852
52133
39806
67099
37421
67503
70014
41857
73256
81093
78659
92212
93055
80772
94045
75726
80871
94199
51404
96616
97119
68734
97011
37595
36554
51489
62376
63681
23529
23473
50538
75286
76788
80419
23407
97104
50449
81161
70162
30234
29064
53055
55217
55347
81937
54639
77784
34488
36130
35697
36325
36401
95053
35999
35898
66068
95515
63963
96702
35578
22375
64033
35648
44921
54825
54934
35844
54885
60271
65147
19135
88926
75594
60893
24753
61037
26708
19560
27446
60170
64828
48502
93822
23904
51542
37086
66807
68401
76167
88895
115854
72541
96133
25842
95099
96273
50494
62726
64725
95973
80177
94437
72602
69568
33177
62493
64366
71709
89474
72946
19669
65811
42920
43280
65909
65728
46324
26571
40768
51636
75065
62204
62670
81538
78909
81224
81602
83163
43188
91872
65645
65584
95855
39726
79056
44843
80479
73928
24313
24692
72703
61819
24611
39065
34888
60468
46254
51801
32999
87901
87808
46608
67230
43846
32499
51893
75160
49086
75204
77097
33383
44713
71925
77037
76973
51712
77001
67345
72023
87848
88043
96547
87959
28651
29094
100497
19418
77612
82352
77251
82414
100844
100934
100727
88700
19465
77465
19230
19325
100747
19425
19458
19493
77372
100620
82281
19269
19503
103597
54310
49858
26436
86345
42541
86128
86923
86096
63382
65367
63190
65410
65482
87360
22558
18831
87479
58416
58089
19037
18959
18749
18920
120582
90279
47311
47345
79941
79826
25272
82829
78364
43997
78509
79446
79695
79607
79312
89947
90167
79233
94321
78727
91485
90925
90446
91045
91398
96318
65990
90126
90039
80615
77907
78185
78091
77980
90577
79368
90658
91644
25355
47165
51971
91539
45905
47406
91672
79759
47201
25325
45870
80108
91742
90951
47275
91569
45902
47102
91403
84753
85116
85445
85596
84650
84252
84400
85587
98023
59083
59241
83726
99541
31319
28968
61007
