-3.6069019;42.5992393
-3.6059470;42.5984764
-3.6066790;42.5999069
-3.6066151;42.5999985
-3.6063702;42.6024628
-3.6081090;42.6040993
-3.4977684;42.5787125
-3.4978032;42.5788078
-3.4513223;42.5644989
-3.4512408;42.5645866
-3.4934654;42.5960236
-3.4680791;42.5603447
-3.4679208;42.5603752
-3.4484637;42.5663567
-3.4482024;42.5664406
-3.4838555;42.5980873
-3.4748540;42.5595741
-3.4744413;42.5596695
-3.4682245;42.5603180
-3.4544883;42.5631218
-3.4540138;42.5631790
-3.4528644;42.5634346
-3.4524457;42.5635414
-3.4522440;42.5636063
-3.4523523;42.5630493
-3.4521945;42.5636406
-3.4529963;42.5636520
-3.4525182;42.5636635
-3.4519598;42.5638199
-3.4520788;42.5639839
-3.4517877;42.5639839
-3.4521823;42.5641251
-3.4514737;42.5643349
-3.4509351;42.5643196
-3.4508047;42.5645294
-3.4508893;42.5648842
-3.4506931;42.5646935
-3.4508667;42.5648956
-3.4500310;42.5652657
-3.4499395;42.5653419
-3.4481514;42.5664749
-3.4454851;42.5701370
-3.4982467;42.5694351
-3.4984593;42.5707550
-3.4989939;42.5770454
-3.4992521;42.5765572
-3.4974744;42.5775909
-3.4974785;42.5776596
-3.4974959;42.5778236
-3.4983697;42.5780487
-3.4989142;42.5783119
-3.4992864;42.5783348
-3.4989662;42.5783997
-3.4990268;42.5785179
-3.4991825;42.5785217
-3.4993274;42.5785561
-3.4986191;42.5785828
-3.4983294;42.5786476
-3.4990866;42.5787849
-3.4992654;42.5788574
-3.4986687;42.5789070
-3.4984674;42.5789185
-3.4983919;42.5789185
-3.4986770;42.5789375
-3.4991086;42.5789604
-3.4986892;42.5789871
-3.4997406;42.5790062
-3.4978294;42.5790749
-3.4987085;42.5791054
-3.4997542;42.5791397
-3.4983778;42.5794373
-3.4971035;42.5810471
-3.4969959;42.5813370
-3.4918058;42.5877838
-3.4902477;42.5895004
-3.4932017;42.5925903
-3.4976134;42.4983406
-3.4974859;42.4983902
-3.5181568;42.4932785
-3.5162950;42.4901123
-3.5182533;42.4933548
-3.5033247;42.4956741
-3.4830191;42.5025635
-3.4829497;42.5024414
-3.4831038;42.5027504
-3.4825909;42.5027885
-3.4836960;42.5029182
-3.4833922;42.5029259
-3.4827514;42.5030212
-3.4819479;42.5027199
-3.4853878;42.5032806
-3.4821923;42.5037270
-3.4827116;42.5039139
-3.4834049;42.5055351
-3.4770703;42.5117722
-3.4733217;42.5152626
-3.4616988;42.5189552
-3.4596877;42.5194817
-3.4531069;42.5212135
-3.4444504;42.5219193
-3.4439404;42.5218887
-3.4384968;42.5254555
-3.4432881;42.5378685
-3.8825369;42.5174980
-3.8817692;42.5175552
-3.8662968;42.5185928
-3.8952765;42.5198555
-3.8952191;42.5198784
-3.9088688;42.5199776
-3.8932681;42.5200043
-3.8923805;42.5199165
-3.8653779;42.5222435
-3.8653138;42.5193024
-3.8647897;42.5232544
-3.8639781;42.5276337
-3.8698325;42.5322914
-3.8703275;42.5319023
-3.8695531;42.5324554
-3.8689303;42.5318642
-3.8699503;42.5327797
-3.8704345;42.5328293
-3.8704622;42.5334053
-3.7733960;42.5563889
-3.7732551;42.5562515
-3.7992601;42.5641670
-3.7989349;42.5641823
-3.7763946;42.5278664
-3.7761850;42.5279045
-3.7764080;42.5003662
-3.7753766;42.5048332
-3.7750022;42.5064735
-3.7740932;42.5103912
-3.7733734;42.5135727
-3.7729180;42.5154724
-3.7718701;42.5195999
-3.7716987;42.5200272
-3.7716177;42.5202599
-3.7716103;42.5203667
-3.7722824;42.5203934
-3.7716000;42.5205383
-3.7718499;42.5204849
-3.7710173;42.5208664
-3.7715921;42.5208702
-3.7717860;42.5208588
-3.7711394;42.5209694
-3.7708542;42.5210037
-3.7710564;42.5210266
-3.7709022;42.5210762
-3.7704930;42.5210953
-3.7704659;42.5210609
-3.7711692;42.5211449
-3.7708466;42.5211449
-3.7715900;42.5212135
-3.7696519;42.5212402
-3.7695644;42.5212364
-3.7715874;42.5213013
-3.7705350;42.5213470
-3.7712421;42.5213966
-3.7715840;42.5214119
-3.7722173;42.5214691
-3.7721124;42.5215187
-3.7703557;42.5215454
-3.7692127;42.5215454
-3.7692506;42.5216789
-3.7715957;42.5216980
-3.7692468;42.5217323
-3.7720644;42.5217361
-3.7711954;42.5217552
-3.7709000;42.5217705
-3.7706072;42.5217705
-3.7715750;42.5217781
-3.7689691;42.5217819
-3.7690697;42.5219116
-3.7706113;42.5219231
-3.7694073;42.5219269
-3.7704544;42.5219460
-3.7715707;42.5219803
-3.7706389;42.5220375
-3.7691119;42.5220528
-3.7695351;42.5220566
-3.7722123;42.5220642
-3.7724617;42.5220451
-3.7689650;42.5221291
-3.7694197;42.5221558
-3.7692106;42.5222092
-3.7719979;42.5222206
-3.7715786;42.5222397
-3.7698545;42.5222664
-3.7706611;42.5223312
-3.7715433;42.5223732
-3.7713141;42.5223885
-3.7711468;42.5223999
-3.7715228;42.5224838
-3.7713296;42.5224838
-3.7708044;42.5225029
-3.7708952;42.5225334
-3.7706635;42.5225830
-3.7715008;42.5226479
-3.7721570;42.5227127
-3.7710867;42.5227242
-3.7703538;42.5227852
-3.7714450;42.5229225
-3.7705033;42.5230217
-3.7714489;42.5232620
-3.7717066;42.5245514
-3.7729177;42.5262680
-3.7748246;42.5277176
-3.7753553;42.5281105
-3.7782156;42.5286636
-3.7789056;42.5293579
-3.7793596;42.5299759
-3.8011062;42.5383453
-3.7958648;42.5388870
-3.7912946;42.5393791
-3.7916529;42.5395317
-3.7919333;42.5395813
-3.8077753;42.5402145
-3.8083291;42.5403290
-3.8080199;42.5403900
-3.8095772;42.5403938
-3.8095362;42.5402679
-3.8087268;42.5404282
-3.8088074;42.5405045
-3.8086119;42.5405045
-3.8082187;42.5405273
-3.8088572;42.5405540
-3.8092668;42.5405693
-3.8095694;42.5406380
-3.8088813;42.5406609
-3.8084600;42.5407219
-3.8087513;42.5407257
-3.8093939;42.5407753
-3.8097327;42.5408096
-3.8089628;42.5409012
-3.8089058;42.5409851
-3.8088052;42.5410080
-3.8095047;42.5411453
-3.8093102;42.5413132
-3.8093138;42.5413628
-3.8092482;42.5414009
-3.8094659;42.5414467
-3.8091035;42.5414619
-3.8091514;42.5415344
-3.8097208;42.5416451
-3.8089447;42.5417709
-3.8088517;42.5417938
-3.8091538;42.5419769
-3.7762115;42.5426445
-3.7760804;42.5518684
-3.7741847;42.5546036
-3.7731318;42.5561333
-3.7750461;42.5564957
-3.7781639;42.5574875
-3.7782462;42.5575180
-3.7721095;42.5620804
-3.7712867;42.5620537
-3.8025489;42.5640182
-3.8024507;42.5640221
-3.8022687;42.5640297
-3.8032651;42.5640793
-3.8035419;42.5640030
-3.8033032;42.5641098
-3.8040185;42.5641785
-3.8043890;42.5641785
-3.8042209;42.5638084
-3.8034101;42.5642090
-3.7981725;42.5642128
-3.8035083;42.5642662
-3.8124530;42.5639725
-3.8064339;42.5646629
-3.8029180;42.5643158
-3.8044729;42.5643158
-3.8036194;42.5643692
-3.8042178;42.5643845
-3.8036869;42.5644112
-3.8030167;42.5644150
-3.8037150;42.5644226
-3.8031056;42.5644417
-3.8045869;42.5644722
-3.8037963;42.5644836
-3.8032186;42.5645370
-3.8028743;42.5645790
-3.8040125;42.5646210
-3.8041995;42.5646324
-3.8040652;42.5646324
-3.8045015;42.5646553
-3.8034091;42.5646706
-3.8034446;42.5647278
-3.8032284;42.5648804
-3.8027666;42.5649948
-3.8131680;42.5651169
-3.8135655;42.5653419
-3.8132191;42.5654030
-3.8139954;42.5654182
-3.8137505;42.5655136
-3.8140867;42.5655289
-3.8141227;42.5655785
-3.8142807;42.5654945
-3.8148820;42.5656242
-3.8148527;42.5655823
-3.8154929;42.5656471
-3.8149655;42.5656700
-3.8139007;42.5657043
-3.8148284;42.5657616
-3.8139865;42.5657997
-3.8140540;42.5658340
-3.8146899;42.5658875
-3.8142204;42.5659332
-3.8141704;42.5659637
-3.8148882;42.5660133
-3.8135562;42.5660248
-3.8149335;42.5660439
-3.8142347;42.5661316
-3.8148932;42.5663033
-3.8152437;42.5661774
-3.7852745;42.5907745
-3.7852676;42.5907173
-3.7783890;42.5802002
-3.7785251;42.5800743
-3.7829928;42.5926857
-3.7828512;42.5925446
-3.7683020;42.5624275
-3.7484684;42.5552864
-3.7655709;42.5628815
-3.7678947;42.5629272
-3.7656660;42.5632935
-3.7656944;42.5634155
-3.7676387;42.5637932
-3.7660363;42.5646400
-3.7663004;42.5650673
-3.7675860;42.5663490
-3.7688344;42.5667000
-3.7690415;42.5671768
-3.7690644;42.5672264
-3.7686567;42.5673866
-3.7692025;42.5675583
-3.7688551;42.5675812
-3.7689571;42.5676880
-3.7691169;42.5678825
-3.7694466;42.5683594
-3.7696574;42.5687523
-3.7714491;42.5711517
-3.7785819;42.5776787
-3.7791567;42.5783997
-3.7794867;42.5786934
-3.7795625;42.5788841
-3.7792435;42.5789909
-3.7793078;42.5791206
-3.7799225;42.5792274
-3.7798467;42.5792389
-3.7791128;42.5793114
-3.7789900;42.5795059
-3.7806761;42.5800018
-3.7777805;42.5807610
-3.7768364;42.5821075
-3.7754064;42.5830727
-3.7752035;42.5831642
-3.7754695;42.5834961
-3.7760487;42.5835915
-3.7756827;42.5836067
-3.7758479;42.5836487
-3.7753811;42.5836563
-3.7750399;42.5835075
-3.7750421;42.5836678
-3.7749388;42.5835838
-3.7759681;42.5836906
-3.7752337;42.5838509
-3.7755170;42.5838852
-3.7760041;42.5838966
-3.7762613;42.5837746
-3.7755907;42.5839195
-3.7762744;42.5839233
-3.7758641;42.5839424
-3.7763853;42.5839462
-3.7764316;42.5838089
-3.7774203;42.5839653
-3.7774704;42.5839386
-3.7765770;42.5839882
-3.7766788;42.5839996
-3.7766979;42.5838394
-3.7758505;42.5839996
-3.7771716;42.5840302
-3.7774038;42.5837555
-3.7770991;42.5838089
-3.7767239;42.5840874
-3.7771890;42.5840988
-3.7775490;42.5841484
-3.7772024;42.5841522
-3.7752657;42.5841064
-3.7751846;42.5841866
-3.7752554;42.5842476
-3.7750959;42.5842705
-3.7759960;42.5843163
-3.7753868;42.5843315
-3.7775340;42.5843010
-3.7776251;42.5843391
-3.7773280;42.5844154
-3.7764425;42.5844650
-3.7777066;42.5845222
-3.7778606;42.5845375
-3.7761123;42.5845680
-3.7760270;42.5845871
-3.7762234;42.5845871
-3.7776656;42.5846443
-3.7766929;42.5846748
-3.7767684;42.5846863
-3.7772243;42.5846863
-3.7767453;42.5847282
-3.7774618;42.5847359
-3.7763824;42.5847435
-3.7751274;42.5847931
-3.7750950;42.5848083
-3.7748914;42.5844879
-3.7776091;42.5848389
-3.7766685;42.5848579
-3.7777839;42.5849075
-3.7770610;42.5849266
-3.7763143;42.5849342
-3.7758424;42.5849342
-3.7764316;42.5850143
-3.7733595;42.5850029
-3.7728837;42.5850372
-3.7765441;42.5850449
-3.7765131;42.5850563
-3.7764530;42.5851326
-3.7773051;42.5851479
-3.7768877;42.5852623
-3.7762420;42.5852737
-3.7769246;42.5853004
-3.7769561;42.5853233
-3.7771053;42.5853271
-3.7770550;42.5853767
-3.7778394;42.5854340
-3.7777739;42.5851212
-3.7767272;42.5855560
-3.7776465;42.5856285
-3.7776089;42.5856667
-3.7783346;42.5857086
-3.7786043;42.5856667
-3.7765799;42.5858116
-3.7762239;42.5858536
-3.7760727;42.5858154
-3.7786562;42.5858879
-3.7781305;42.5858955
-3.7767322;42.5859032
-3.7780945;42.5859261
-3.7764668;42.5859489
-3.7769377;42.5859947
-3.7760320;42.5860329
-3.7767289;42.5860519
-3.7763572;42.5860634
-3.7771301;42.5861320
-3.7765510;42.5861816
-3.7787542;42.5862427
-3.7764180;42.5862732
-3.7772233;42.5862923
-3.7761214;42.5863647
-3.7759135;42.5864563
-3.7757399;42.5865135
-3.7771716;42.5865173
-3.7756755;42.5865250
-3.7756524;42.5864182
-3.7756236;42.5865326
-3.7755198;42.5865440
-3.7754390;42.5864105
-3.7751524;42.5865860
-3.7769349;42.5865898
-3.7767262;42.5865746
-3.7757678;42.5866547
-3.7759204;42.5866623
-3.7795820;42.5867500
-3.7755489;42.5867729
-3.7753367;42.5867615
-3.7757936;42.5867958
-3.7761941;42.5868149
-3.7759275;42.5868225
-3.7759471;42.5867081
-3.7753973;42.5869102
-3.7753191;42.5869102
-3.7754488;42.5870590
-3.7753067;42.5871010
-3.7802424;42.5871239
-3.7812216;42.5876579
-3.7823317;42.5883026
-3.7865939;42.5937424
-3.7862847;42.5942688
-3.7866464;42.5942764
-3.7870665;42.5942802
-3.7867105;42.5944138
-3.7871552;42.5945549
-3.7878621;42.5951004
-3.7924743;42.5994682
-3.6878307;42.4635773
-3.6880531;42.4635963
-3.6866567;42.4633827
-3.6896901;42.4638329
-3.6872885;42.4649315
-3.6879082;42.4654083
-3.6882792;42.4661446
-3.6876009;42.4664612
-3.6876867;42.4671097
-3.6884222;42.4678574
-3.4435585;42.5745430
-3.4435079;42.5748367
-3.4431164;42.5771446
-3.4425282;42.5780220
-3.4426732;42.5786400
-3.4451549;42.5786247
-3.4450085;42.5786705
-3.4447286;42.5788879
-3.4452560;42.5789719
-3.4444575;42.5791740
-3.4451258;42.5791817
-3.4450727;42.5794029
-3.4457641;42.5794182
-3.4454234;42.5795517
-3.5063913;42.5411682
-3.5060477;42.5421867
-3.5221686;42.4934425
-3.5220008;42.4934425
-3.5198290;42.5151596
-3.5197065;42.5153389
-3.5176525;42.5192337
-3.5176461;42.5195045
-3.5158179;42.5245094
-3.5157208;42.5246086
-3.5060072;42.5423126
-3.4809389;42.5582161
-3.4807124;42.5582695
-3.4885812;42.5591049
-3.4884169;42.5590820
-3.4762721;42.5592651
-3.4761574;42.5592880
-3.5185719;42.4934158
-3.5265398;42.4934273
-3.5252402;42.4934158
-3.5272112;42.4964943
-3.5265694;42.4937515
-3.5288885;42.5008278
-3.5280659;42.4998627
-3.5295920;42.5012779
-3.5311368;42.5070229
-3.5303769;42.5082054
-3.5266252;42.5105133
-3.5219712;42.5133286
-3.5205853;42.5142174
-3.5198953;42.5150604
-3.5126309;42.5297127
-3.5118668;42.5316849
-3.5109370;42.5327339
-3.5105999;42.5325775
-3.5114362;42.5327911
-3.5102797;42.5329018
-3.5104325;42.5329437
-3.5101829;42.5330200
-3.5101418;42.5330696
-3.5099454;42.5332985
-3.5096998;42.5335999
-3.5089779;42.5343170
-3.5088773;42.5344887
-3.5071566;42.5349884
-3.5069637;42.5347595
-3.5070651;42.5352249
-3.5085824;42.5350342
-3.5058208;42.5356216
-3.5087917;42.5357323
-3.5081844;42.5365677
-3.5080466;42.5368958
-3.5080068;42.5369911
-3.5066586;42.5396118
-3.5034301;42.5504150
-3.5033431;42.5506325
-3.5011852;42.5511017
-3.5014517;42.5513191
-3.5020266;42.5522232
-3.5026290;42.5523338
-3.5021346;42.5523949
-3.5023141;42.5521889
-3.5025885;42.5525551
-3.5030377;42.5525398
-3.5023506;42.5526276
-3.5025647;42.5526733
-3.5022845;42.5527000
-3.5022354;42.5528412
-3.5013144;42.5530815
-3.5012510;42.5530891
-3.5021539;42.5530930
-3.5020578;42.5533028
-3.5020347;42.5533562
-3.5022240;42.5541153
-3.5017486;42.5541496
-3.5012834;42.5538559
-3.5023167;42.5544357
-3.5016263;42.5545540
-3.5019798;42.5546036
-3.5020301;42.5548172
-3.5017669;42.5550804
-3.5016940;42.5551796
-3.5021987;42.5551872
-3.5019441;42.5552902
-3.5009766;42.5555382
-3.5005679;42.5560837
-3.5003910;42.5562859
-3.4995344;42.5572243
-3.4757633;42.5593719
-3.4970341;42.5597382
-3.4963920;42.5603867
-3.4979968;42.5686951
-3.8282137;42.5926666
-3.8279548;42.5926666
-3.8011796;42.5986404
-3.8009257;42.5987778
-3.7997491;42.6004601
-3.7996786;42.6005859
-3.8481631;42.5925255
-3.8476267;42.5925255
-3.8466346;42.5925255
-3.8382952;42.5925636
-3.8032987;42.5983696
-3.8018253;42.5984077
-3.8053854;42.5991859
-3.8078020;42.5994797
-3.8072827;42.5994873
-3.8090212;42.5993729
-3.8088982;42.5996017
-3.8076043;42.5996094
-3.8082967;42.5996208
-3.8082156;42.5996552
-3.8088689;42.5996552
-3.8078749;42.5996399
-3.8080149;42.5996704
-3.8091464;42.5997086
-3.8217547;42.5997200
-3.8085325;42.5997276
-3.8001323;42.5997353
-3.8079879;42.5997734
-3.8072255;42.5996704
-3.8088028;42.5997810
-3.8081977;42.5998268
-3.8070920;42.5998421
-3.8084309;42.5998955
-3.8074484;42.5999794
-3.8086493;42.5999794
-3.8087595;42.6000404
-3.8076720;42.6000671
-3.8090146;42.6000900
-3.8093874;42.6000595
-3.8092003;42.6001434
-3.8097537;42.6001968
-3.8094599;42.6002426
-3.8086355;42.6002617
-3.8086739;42.6001740
-3.8095067;42.6002655
-3.8083603;42.6002655
-3.8080773;42.6002998
-3.8090787;42.6003113
-3.8062055;42.5999489
-3.8087966;42.6003342
-3.7997997;42.6003571
-3.8087604;42.6003952
-3.8092005;42.6004066
-3.8218524;42.6004448
-3.8092976;42.6005135
-3.8090210;42.6005211
-3.8098805;42.6005707
-3.8098059;42.6006470
-3.8097305;42.6005745
-3.8099692;42.6007271
-3.8094952;42.6007729
-3.8097343;42.6008911
-3.8090928;42.6009178
-3.8098752;42.6010361
-3.8102937;42.6010742
-3.8099322;42.6011238
-3.8103206;42.6011276
-3.8101263;42.6011620
-3.8105075;42.6012459
-3.8102226;42.6012535
-3.7985625;42.6017990
-3.7971258;42.6022339
-3.7955241;42.6023331
-3.7962542;42.6025009
-3.7958319;42.6026268
-3.7954807;42.6027298
-3.7962296;42.6028328
-3.7965684;42.6030006
-3.7944918;42.6030312
-3.8197281;42.6045914
-3.8147919;42.6052475
-3.8790090;42.5510712
-3.8789113;42.5509377
-3.8952899;42.5756187
-3.8948421;42.5759087
-3.8934515;42.5768013
-3.8933375;42.5768700
-3.8968892;42.5482178
-3.8968682;42.5480690
-3.9011323;42.5677910
-3.8964534;42.5413589
-3.8962896;42.5413094
-3.8979061;42.5418091
-3.8972969;42.5443497
-3.8832633;42.5468445
-3.8830690;42.5471458
-3.8820817;42.5486565
-3.8969612;42.5487328
-3.8970225;42.5490875
-3.8968761;42.5491333
-3.8965693;42.5491829
-3.8963811;42.5493431
-3.8962538;42.5494118
-3.8962128;42.5494080
-3.8969352;42.5495224
-3.8970597;42.5495033
-3.8971028;42.5495834
-3.8961005;42.5496025
-3.8977900;42.5496178
-3.8960304;42.5497284
-3.8965356;42.5498123
-3.8958297;42.5498505
-3.8972881;42.5499382
-3.8964338;42.5500565
-3.8965936;42.5503311
-3.8812370;42.5503616
-3.8811896;42.5504036
-3.8975577;42.5504494
-3.8811610;42.5499001
-3.8804877;42.5504837
-3.8975613;42.5506058
-3.8959069;42.5507278
-3.8807549;42.5507355
-3.8805254;42.5509033
-3.8788803;42.5509071
-3.8788342;42.5508614
-3.8803954;42.5509949
-3.8805406;42.5510979
-3.8807778;42.5511055
-3.8800809;42.5511513
-3.8790653;42.5511703
-3.8799605;42.5511856
-3.8791785;42.5512161
-3.8798599;42.5512199
-3.8792691;42.5512619
-3.8797483;42.5512962
-3.8806362;42.5513039
-3.8800805;42.5513115
-3.8789961;42.5513535
-3.8803909;42.5514603
-3.8804457;42.5515175
-3.8807182;42.5515327
-3.8794401;42.5516777
-3.8791337;42.5517273
-3.8786740;42.5517502
-3.8788598;42.5517845
-3.8785298;42.5518036
-3.8797662;42.5518188
-3.8789492;42.5519028
-3.8789692;42.5519600
-3.8799086;42.5520134
-3.8783698;42.5520134
-3.8785396;42.5521126
-3.8778868;42.5521431
-3.8785193;42.5521774
-3.8775463;42.5522957
-3.8782694;42.5522957
-3.8783534;42.5523224
-3.8773112;42.5523300
-3.8773930;42.5524483
-3.8785732;42.5526085
-3.8966808;42.5573502
-3.9007094;42.5668449
-3.9010286;42.5687027
-3.8695092;42.5709801
-3.8668575;42.5712166
-3.8662589;42.5710068
-3.8658731;42.5712776
-3.8657720;42.5711899
-3.8665628;42.5711021
-3.8660927;42.5715065
-3.8678319;42.5715332
-3.8684726;42.5714569
-3.8674245;42.5712852
-3.8671567;42.5715675
-3.8677850;42.5715752
-3.8662674;42.5716743
-3.8662422;42.5717392
-3.8658605;42.5718307
-3.8668957;42.5718498
-3.8659134;42.5718575
-3.8672285;42.5718803
-3.8673689;42.5719261
-3.8667309;42.5720558
-3.8665712;42.5720749
-3.8677373;42.5721016
-3.8663037;42.5721397
-3.8683271;42.5720634
-3.8678694;42.5721550
-3.8666806;42.5721893
-3.8676374;42.5721970
-3.8660657;42.5722084
-3.8669531;42.5722237
-3.8674984;42.5722389
-3.8671606;42.5722656
-3.8677630;42.5722961
-3.8674684;42.5723495
-3.8670952;42.5723495
-3.8680677;42.5723610
-3.8669097;42.5724144
-3.8675051;42.5724220
-3.8676975;42.5724411
-3.8662324;42.5725250
-3.8664322;42.5725899
-3.8663704;42.5726051
-3.8670378;42.5727158
-3.8670456;42.5728149
-3.8670137;42.5729408
-3.8837342;42.5773849
-3.8926358;42.5774307
-3.8919704;42.5776443
-3.8923807;42.5777512
-3.8921590;42.5780182
-3.8921971;42.5785713
-3.8921263;42.5784950
-3.8923111;42.5787468
-3.8924217;42.5788994
-3.8925307;42.5790596
-3.8928869;42.5791206
-3.8928514;42.5789986
-3.8922834;42.5791206
-3.8938484;42.5788879
-3.8933330;42.5792007
-3.8925896;42.5792389
-3.8935273;42.5792923
-3.8924522;42.5793304
-3.8931735;42.5793343
-3.8926461;42.5793877
-3.8933325;42.5794334
-3.8930528;42.5794563
-3.8935342;42.5794830
-3.8927858;42.5795174
-3.8931627;42.5795403
-3.8928761;42.5795746
-3.8934000;42.5795937
-3.8929224;42.5796013
-3.8925531;42.5796432
-3.8930182;42.5796623
-3.8914890;42.5796547
-3.8912599;42.5796700
-3.8928361;42.5797119
-3.8935206;42.5797501
-3.8931580;42.5797539
-3.8933911;42.5798073
-3.8930409;42.5798759
-3.8932781;42.5798950
-3.8930848;42.5799789
-3.8919046;42.5799980
-3.8916671;42.5800247
-3.8924923;42.5800552
-3.8912325;42.5800972
-3.8911233;42.5801125
-3.8907747;42.5800896
-3.8940535;42.5801048
-3.8937955;42.5801392
-3.8936636;42.5801430
-3.8942726;42.5801544
-3.8931985;42.5801620
-3.8937581;42.5802116
-3.8925622;42.5802193
-3.8941612;42.5802345
-3.8907382;42.5803833
-3.8911417;42.5804710
-3.8910415;42.5805092
-3.8901882;42.5805321
-3.8900492;42.5806198
-3.8905485;42.5806351
-3.8900111;42.5806389
-3.8943884;42.5806389
-3.8906679;42.5807686
-3.8903491;42.5807991
-3.8907390;42.5809250
-3.8901145;42.5809937
-3.8906822;42.5810242
-3.8912299;42.5813866
-3.8911994;42.5837288
-3.8909018;42.5856857
-3.8897154;42.5864487
-3.8846612;42.5882721
-3.8837302;42.5892563
-3.8832304;42.5896873
-3.8882363;42.5898781
-3.8806217;42.5900421
-3.8727322;42.5907211
-3.8706346;42.5908966
-3.8663018;42.5912666
-3.8559408;42.5921555
-3.7860918;42.4769287
-3.7859733;42.4770317
-3.7992315;42.4672966
-3.7993057;42.4673843
-3.7999873;42.4679985
-3.8000736;42.4680328
-3.8005836;42.4682198
-3.8006821;42.4682579
-3.8011377;42.4684486
-3.8012691;42.4685020
-3.8063271;42.4754791
-3.8062866;42.4753532
-3.8087349;42.4821815
-3.8087113;42.4821320
-3.8163114;42.4930801
-3.8162327;42.4930191
-3.8194337;42.4949265
-3.8193343;42.4948959
-3.7974043;42.4650345
-3.7973771;42.4651566
-3.7967713;42.4652100
-3.7970707;42.4663429
-3.8010530;42.4684143
-3.8018453;42.4687691
-3.8039718;42.4691734
-3.8044722;42.4692688
-3.8053153;42.4699593
-3.8026383;42.4710121
-3.8026607;42.4710579
-3.8088756;42.4718475
-3.8146474;42.4742508
-3.8196361;42.4757385
-3.7717690;42.4748268
-3.7729640;42.4757538
-3.7731464;42.4757462
-3.8071961;42.4767914
-3.7861114;42.4769135
-3.7763534;42.4778214
-3.7769387;42.4779968
-3.7790554;42.4781876
-3.7845507;42.4782448
-3.7842824;42.4784698
-3.8077044;42.4788780
-3.7807877;42.4790192
-3.7832386;42.4792366
-3.7830195;42.4791641
-3.7834105;42.4792976
-3.7836366;42.4791870
-3.7834833;42.4793243
-3.7831674;42.4793663
-3.7824657;42.4794464
-3.7824876;42.4792175
-3.7839339;42.4794464
-3.7853718;42.4794884
-3.7856762;42.4788399
-3.7839146;42.4795227
-3.7841635;42.4795723
-3.7833340;42.4795761
-3.7832329;42.4795380
-3.7852135;42.4796143
-3.7838719;42.4797211
-3.7838621;42.4797668
-3.7850730;42.4798126
-3.7822363;42.4798203
-3.7870746;42.4798279
-3.7874773;42.4794846
-3.7852695;42.4798279
-3.7834384;42.4798355
-3.7859409;42.4798546
-3.7821805;42.4798889
-3.7859976;42.4799042
-3.7862601;42.4798965
-3.7852407;42.4799080
-3.7838318;42.4799080
-3.7849984;42.4799194
-3.7833562;42.4799690
-3.7845771;42.4800606
-3.7838097;42.4800758
-3.7832394;42.4802132
-3.7820287;42.4802170
-3.7860599;42.4802856
-3.7835519;42.4803009
-3.7837601;42.4803200
-3.7860498;42.4804115
-3.7818754;42.4804115
-3.7812252;42.4801826
-3.7837272;42.4804230
-3.7838426;42.4804420
-3.7822461;42.4804497
-3.7864237;42.4804649
-3.7834206;42.4805374
-3.7863419;42.4805450
-3.7836783;42.4805756
-3.7848403;42.4806442
-3.7868078;42.4806557
-3.7849226;42.4806824
-3.7825835;42.4807396
-3.7860117;42.4807968
-3.7829902;42.4808693
-3.7828085;42.4809723
-3.7853906;42.4809875
-3.7855461;42.4810867
-3.7827473;42.4811020
-3.7833965;42.4811172
-3.7843630;42.4811287
-3.7845991;42.4812012
-3.7842495;42.4812088
-3.7857835;42.4812393
-3.7821419;42.4812393
-3.7852490;42.4812622
-3.7821569;42.4813080
-3.7817848;42.4813156
-3.7815967;42.4812202
-3.7836535;42.4813194
-3.7839587;42.4813232
-3.7837214;42.4813652
-3.7837369;42.4814415
-3.7848988;42.4814606
-3.7819302;42.4815140
-3.7841401;42.4815445
-3.7825909;42.4815559
-3.8264704;42.4815750
-3.7831192;42.4815979
-3.7825506;42.4816093
-3.7835665;42.4816246
-3.7830815;42.4816666
-3.7843993;42.4816895
-3.7831380;42.4817123
-3.7817688;42.4817276
-3.7822723;42.4818459
-3.7822320;42.4818840
-3.8086793;42.4820633
-3.7839849;42.4822884
-3.7817211;42.4825974
-3.8274155;42.4826584
-3.7824516;42.4827995
-3.8284614;42.4829102
-3.8091230;42.4830437
-3.8090436;42.4831238
-3.8088782;42.4832993
-3.8281982;42.4836235
-3.8295150;42.4836311
-3.8281894;42.4836540
-3.8276479;42.4836998
-3.8275630;42.4837074
-3.8283377;42.4837494
-3.8286290;42.4837532
-3.8276525;42.4837837
-3.8275824;42.4837875
-3.8288193;42.4838409
-3.8289301;42.4836426
-3.8293560;42.4838486
-3.8292534;42.4838448
-3.8281403;42.4838753
-3.8282387;42.4838905
-3.8101120;42.4839134
-3.8308036;42.4838257
-3.8302970;42.4839172
-3.8288438;42.4839172
-3.8300862;42.4839325
-3.8301504;42.4837646
-3.8101337;42.4839363
-3.8292224;42.4839363
-3.8293653;42.4839439
-3.8086650;42.4839554
-3.8091624;42.4834480
-3.8295844;42.4839554
-3.8296244;42.4839592
-3.8284438;42.4839592
-3.8296127;42.4840088
-3.8093185;42.4840126
-3.8093555;42.4839134
-3.8091218;42.4838753
-3.8292248;42.4840775
-3.8280852;42.4841232
-3.8302023;42.4840736
-3.8300140;42.4841423
-3.8292496;42.4841690
-3.8301001;42.4841843
-3.8086495;42.4841919
-3.8091474;42.4842148
-3.8085251;42.4842567
-3.8082333;42.4841347
-3.8295262;42.4842682
-3.8087502;42.4842911
-3.8294888;42.4843216
-3.8287554;42.4843864
-3.8091807;42.4844475
-3.8098304;42.4840012
-3.8095198;42.4844780
-3.8098943;42.4845200
-3.8100572;42.4842911
-3.8090606;42.4845390
-3.8094854;42.4845734
-3.8091238;42.4846001
-3.8100493;42.4846191
-3.8081987;42.4846497
-3.8080571;42.4845276
-3.8092594;42.4847145
-3.8086815;42.4847450
-3.8087294;42.4847908
-3.8080585;42.4848213
-3.8094640;42.4848328
-3.8079467;42.4849129
-3.8078017;42.4848251
-3.8098519;42.4849358
-3.8089812;42.4849510
-3.8077724;42.4850502
-3.8086269;42.4851227
-3.8111215;42.4851227
-3.8110056;42.4851761
-3.8088510;42.4852066
-3.8145676;42.4877357
-3.7785053;42.4910812
-3.8158529;42.4920654
-3.8165863;42.4932213
-3.7779739;42.4933891
-3.8208544;42.4947166
-3.8377237;42.4991684
-3.7764435;42.5001259
-3.8359406;42.5085030
-3.8335001;42.5142288
-3.8335981;42.5147820
-3.8336949;42.5152397
-3.8325548;42.5156784
-3.8319736;42.5156593
-3.8337462;42.5157089
-3.8339291;42.5157471
-3.8339214;42.5154724
-3.8338926;42.5159302
-3.8341966;42.5159569
-3.8338864;42.5159607
-3.8331306;42.5165634
-3.8328142;42.5165710
-3.8344679;42.5164375
-3.8343966;42.5166016
-3.8339610;42.5167122
-3.8331196;42.5167198
-3.8339829;42.5167465
-3.8328717;42.5167465
-3.8332307;42.5167542
-3.8326416;42.5167923
-3.8325217;42.5167961
-3.8325098;42.5165482
-3.8323631;42.5167618
-3.8326089;42.5169334
-3.8324955;42.5169296
-3.8330107;42.5169983
-3.8327432;42.5169449
-3.8325984;42.5169983
-3.8323560;42.5169907
-3.8326004;42.5171928
-3.8338807;42.5172272
-3.8326209;42.5173302
-3.8325047;42.5173874
-3.8326833;42.5175476
-3.8339291;42.5175629
-3.8327601;42.5175781
-3.8324788;42.5178566
-3.8326743;42.5179863
-3.8340383;42.5180206
-3.8322344;42.5182571
-3.8652291;42.5186424
-3.8615062;42.5188141
-3.8608546;42.5188446
-3.8509614;42.5192947
-3.8463333;42.5199776
-3.8334537;42.5207253
-3.8418717;42.5210381
-3.8399611;42.5217743
-3.8336873;42.5223045
-3.8373685;42.5234108
-3.5491824;42.4746552
-3.5489624;42.4745598
-3.5894442;42.4787483
-3.5893795;42.4789047
-3.5518062;42.4730759
-3.5518208;42.4729958
-3.5503559;42.4753342
-3.5502605;42.4753838
-3.5309918;42.4893723
-3.5309076;42.4894371
-3.5441823;42.4738350
-3.5435724;42.4736862
-3.5404036;42.4730339
-3.5493503;42.4755211
-3.5489554;42.4760933
-3.5487490;42.4763947
-3.5480714;42.4753647
-3.5525892;42.4686890
-3.5893838;42.4704781
-3.5349801;42.4719009
-3.5393219;42.4728203
-3.5464091;42.4736633
-3.5460894;42.4735527
-3.5466096;42.4736938
-3.5466466;42.4733276
-3.5516517;42.4738274
-3.5463030;42.4739876
-3.5442896;42.4740753
-3.5438874;42.4739265
-3.5506258;42.4741173
-3.5448096;42.4741478
-3.5448351;42.4741592
-3.5451798;42.4740753
-3.5449371;42.4742126
-3.5504301;42.4742470
-3.5514486;42.4743042
-3.5461440;42.4743233
-3.5459514;42.4739761
-3.5511701;42.4743042
-3.5507665;42.4743462
-3.5462608;42.4743958
-3.5505915;42.4744148
-3.5454731;42.4744568
-3.5456030;42.4744873
-3.5462720;42.4744873
-3.5461929;42.4744873
-3.5500195;42.4744911
-3.5498114;42.4745140
-3.5445960;42.4745216
-3.5457931;42.4745293
-3.5488896;42.4745560
-3.5507655;42.4745712
-3.5498219;42.4746513
-3.5492203;42.4746780
-3.5492489;42.4747162
-3.5455999;42.4747391
-3.5499969;42.4747505
-3.5457346;42.4747696
-3.5500734;42.4747963
-3.5897000;42.4748192
-3.5452621;42.4748268
-3.5457060;42.4748650
-3.5500159;42.4748802
-3.5462382;42.4749069
-3.5456948;42.4749298
-3.5493364;42.4749565
-3.5454392;42.4749718
-3.5494590;42.4750557
-3.5451386;42.4750824
-3.5450711;42.4751091
-3.5452411;42.4751968
-3.5500095;42.4752045
-3.5505292;42.4752350
-3.5453582;42.4752884
-3.5445247;42.4753723
-3.5460150;42.4754448
-3.5489595;42.4755020
-3.5495477;42.4757690
-3.5897992;42.4764671
-3.5476439;42.4785347
-3.5420029;42.4820595
-3.5864713;42.4821014
-3.5408328;42.4826202
-3.5407252;42.4826698
-3.5857437;42.4828568
-3.5381677;42.4838486
-3.5378850;42.4839783
-3.5332351;42.4866676
-3.5308435;42.4894829
-3.5277562;42.4916687
-3.5276070;42.4917755
-3.5795329;42.4927711
-3.5265684;42.4934273
-3.5783584;42.4947472
-3.5763521;42.4996834
-3.5790470;42.5030975
-3.5765021;42.5031853
-3.5726194;42.5045013
-3.5720756;42.5044098
-3.5712714;42.5045013
-3.5717330;42.5045319
-3.5722065;42.5046234
-3.5722497;42.5046539
-3.5719829;42.5046997
-3.5709345;42.5047302
-3.5706739;42.5045319
-3.5714090;42.5048141
-3.5725493;42.5048714
-3.5728276;42.5049057
-3.5717044;42.5049133
-3.5708354;42.5049133
-3.5716836;42.5049324
-3.5725150;42.5049324
-3.5708230;42.5049515
-3.5706303;42.5049210
-3.5717981;42.5049706
-3.5720305;42.5050468
-3.5708084;42.5050621
-3.5720913;42.5050697
-3.5703988;42.5050774
-3.5722914;42.5051384
-3.5708797;42.5051498
-3.5714719;42.5051727
-3.5723910;42.5051727
-3.5710392;42.5051765
-3.5712681;42.5051804
-3.5725403;42.5052223
-3.5708835;42.5052414
-3.5707982;42.5052414
-3.5720053;42.5052452
-3.5704415;42.5052490
-3.5725136;42.5052681
-3.5710042;42.5052910
-3.5727720;42.5052986
-3.5719943;42.5053482
-3.5708010;42.5053787
-3.5713766;42.5053940
-3.5720518;42.5054245
-3.5716259;42.5054474
-3.5720663;42.5054512
-3.5717862;42.5054588
-3.5712547;42.5054588
-3.5722106;42.5054855
-3.5713475;42.5055084
-3.5713866;42.5055161
-3.5728226;42.5055313
-3.5707257;42.5055466
-3.5710166;42.5054893
-3.5715966;42.5055618
-3.5717511;42.5055847
-3.5720663;42.5056267
-3.5721686;42.5056343
-3.5717738;42.5056648
-3.5719512;42.5056877
-3.5722082;42.5057259
-3.5728586;42.5057487
-3.5722258;42.5058060
-3.5720103;42.5059128
-3.5714161;42.5057869
-3.5709784;42.5059204
-3.5723422;42.5060310
-3.5732458;42.5062943
-3.5732577;42.5066032
-3.5732617;42.5067101
-3.5733018;42.5072899
-3.5732121;42.5089302
-3.5722301;42.5103683
-3.5714517;42.5115471
-3.5713980;42.5119057
-3.5702162;42.5194206
-3.5591466;42.5317421
-3.5586503;42.5321503
-3.5589120;42.5323067
-3.5579987;42.5325584
-3.5578713;42.5326347
-3.5576639;42.5327568
-3.5576444;42.5329323
-3.5574179;42.5328522
-3.5572822;42.5329628
-3.5571084;42.5330315
-3.5574827;42.5330696
-3.5570285;42.5330925
-3.5572350;42.5330696
-3.5571599;42.5331306
-3.5573106;42.5332298
-3.5572929;42.5332565
-3.5569382;42.5332756
-3.5569844;42.5333595
-3.5567045;42.5334435
-3.5560997;42.5332909
-3.5559101;42.5336189
-3.5548005;42.5332603
-3.5558743;42.5336609
-3.5557418;42.5337029
-3.5560081;42.5337601
-3.5557745;42.5337868
-3.5558848;42.5338211
-3.5550542;42.5338516
-3.5551579;42.5339584
-3.5553641;42.5339622
-3.5551867;42.5339851
-3.5551050;42.5340195
-3.5545628;42.5340843
-3.5557995;42.5340843
-3.5542450;42.5341034
-3.5555177;42.5346107
-3.5554998;42.5346565
-3.7042243;42.5062370
-3.7041767;42.5061417
-3.7041504;42.5062561
-3.7046144;42.5067329
-3.6455109;42.4992599
-3.6453886;42.4992676
-3.7051647;42.5061302
-3.7050395;42.5061188
-3.7150557;42.5712662
-3.7151082;42.5712509
-3.6291454;42.5143242
-3.6292102;42.5144081
-3.6091692;42.5336418
-3.6093466;42.5337257
-3.6915133;42.5472488
-3.6914110;42.5473366
-3.5908954;42.5666046
-3.5909374;42.5665512
-3.6955476;42.5122414
-3.6960669;42.5112343
-3.6892872;42.4710312
-3.6891694;42.4707718
-3.6920474;42.4771461
-3.6919906;42.4769936
-3.6964471;42.4917145
-3.6969285;42.4911842
-3.7008533;42.5483627
-3.7010291;42.5485992
-3.7101841;42.5689507
-3.7103169;42.5690422
-3.7167552;42.5733414
-3.7168086;42.5733986
-3.7273695;42.5300941
-3.7274158;42.5302277
-3.7377083;42.5442581
-3.7378509;42.5446053
-3.6530755;42.4916840
-3.6529436;42.4917336
-3.6485763;42.4938507
-3.6485262;42.4939117
-3.6337790;42.6036110
-3.6933579;42.5159531
-3.6932666;42.5159454
-3.6790576;42.5432129
-3.6785195;42.5435333
-3.5959530;42.5675583
-3.5958166;42.5674477
-3.5902755;42.5676994
-3.5902386;42.5678596
-3.5889580;42.5764389
-3.5889010;42.5765533
-3.5888000;42.5766373
-3.5887315;42.5766678
-3.6878035;42.4673920
-3.6899338;42.4720955
-3.6608012;42.4740028
-3.6901264;42.4721642
-3.6564715;42.4770050
-3.6933894;42.4806290
-3.6951265;42.4850845
-3.6951568;42.4851570
-3.6963122;42.4880219
-3.6964240;42.4883003
-3.6966896;42.4889526
-3.6970167;42.4890060
-3.6971660;42.4891167
-3.6971805;42.4880753
-3.6968038;42.4892349
-3.7022045;42.4891624
-3.7015636;42.4895401
-3.6543322;42.4897575
-3.6992970;42.4899216
-3.6991510;42.4888344
-3.7007570;42.4900589
-3.7028055;42.4899788
-3.7023211;42.4902496
-3.7030692;42.4903526
-3.7032990;42.4902077
-3.7010527;42.4884262
-3.6997759;42.4903603
-3.7014880;42.4907341
-3.7024384;42.4907684
-3.6995852;42.4908714
-3.7012455;42.4908981
-3.7021096;42.4910278
-3.6982975;42.4913216
-3.6991751;42.4913635
-3.6981573;42.4914169
-3.6984870;42.4914398
-3.6995952;42.4912987
-3.6982567;42.4915619
-3.6986594;42.4916191
-3.6984732;42.4874954
-3.6974075;42.4916306
-3.6531558;42.4916573
-3.6531067;42.4916763
-3.6973951;42.4917221
-3.6963940;42.4917603
-3.6984603;42.4917793
-3.6962655;42.4918785
-3.6983957;42.4918861
-3.6976171;42.4919777
-3.6978357;42.4919891
-3.6980691;42.4920006
-3.6988242;42.4920807
-3.6987031;42.4921417
-3.6960244;42.4921494
-3.6979041;42.4921875
-3.6977148;42.4923248
-3.6984949;42.4924011
-3.6983693;42.4925728
-3.6968656;42.4925995
-3.6980596;42.4928627
-3.6983762;42.4929390
-3.6988959;42.4929695
-3.6992457;42.4930611
-3.7008417;42.4930649
-3.7014380;42.4925156
-3.6979992;42.4930649
-3.6993608;42.4930878
-3.6988609;42.4931030
-3.6492081;42.4931602
-3.6982462;42.4931679
-3.6976137;42.4931984
-3.6974716;42.4932365
-3.6972833;42.4931679
-3.6998363;42.4932365
-3.6978679;42.4932899
-3.6988080;42.4933205
-3.6998632;42.4933472
-3.6983042;42.4933815
-3.6992843;42.4934196
-3.6987970;42.4934273
-3.7006330;42.4934998
-3.6979058;42.4935570
-3.6978903;42.4937668
-3.6971793;42.4937782
-3.6973426;42.4938316
-3.6987233;42.4939613
-3.6986060;42.4937820
-3.6979122;42.4940796
-3.6986625;42.4941101
-3.6988740;42.4942169
-3.6980274;42.4943390
-3.6989636;42.4943428
-3.6996441;42.4943733
-3.6982844;42.4944038
-3.6983044;42.4947853
-3.6976545;42.4947853
-3.6974454;42.4947472
-3.6951826;42.4948845
-3.7000082;42.4949417
-3.6980047;42.4950409
-3.6978087;42.4952126
-3.6990099;42.4954605
-3.6471813;42.4954948
-3.7007368;42.4961548
-3.6462965;42.4965096
-3.6458237;42.4974823
-3.6459291;42.4973602
-3.6454380;42.4975548
-3.6453869;42.4976501
-3.6459048;42.4978180
-3.6453340;42.4978638
-3.6456711;42.4979057
-3.6453371;42.4982758
-3.6454864;42.4982796
-3.6450915;42.4983673
-3.6449633;42.4983406
-3.6453402;42.4983788
-3.6453300;42.4985352
-3.6450548;42.4985809
-3.6442344;42.4985847
-3.6441486;42.4985542
-3.6440067;42.4985924
-3.6447139;42.4986000
-3.6439240;42.4986153
-3.6460638;42.4975433
-3.6458573;42.4986610
-3.6446693;42.4987221
-3.6450944;42.4988594
-3.6452336;42.4988861
-3.6449811;42.4990082
-3.6445074;42.4990501
-3.6448944;42.4991112
-3.6451092;42.4991608
-3.6457112;42.4992218
-3.6456554;42.4992218
-3.6458311;42.4991951
-3.6448202;42.4992943
-3.6446235;42.4992332
-3.6444387;42.4993629
-3.6449590;42.4994316
-3.6447470;42.4994507
-3.6447089;42.4999733
-3.6445622;42.5016670
-3.7013574;42.5021477
-3.7032821;42.5039558
-3.6441150;42.5041275
-3.7036874;42.5048027
-3.7038648;42.5050430
-3.7062109;42.5051689
-3.7069194;42.5034523
-3.7081528;42.5054245
-3.7059548;42.5056152
-3.7050900;42.5048370
-3.7035809;42.5056190
-3.7065058;42.5056381
-3.7039070;42.5056381
-3.7081313;42.5057602
-3.7035890;42.5058136
-3.7040966;42.5059662
-3.7078240;42.5060959
-3.7074490;42.5057144
-3.7043757;42.5061340
-3.7040761;42.5061417
-3.7053497;42.5061493
-3.7040942;42.5061684
-3.7071109;42.5066757
-3.7064927;42.5066910
-3.7024548;42.5068321
-3.7061386;42.5068779
-3.7055559;42.5067635
-3.7087884;42.5069542
-3.7081487;42.5070152
-3.6432130;42.5070801
-3.7058580;42.5070953
-3.6432016;42.5071335
-3.7081094;42.5071754
-3.7087932;42.5071983
-3.7093141;42.5075951
-3.7015872;42.5082016
-3.6369376;42.5089722
-3.6354122;42.5103340
-3.6291816;42.5115089
-3.6326306;42.5116653
-3.6288397;42.5118370
-3.6287701;42.5119057
-3.6292925;42.5120621
-3.6282337;42.5122070
-3.6278889;42.5123444
-3.6256001;42.5123444
-3.6252017;42.5120621
-3.6271622;42.5124779
-3.6266034;42.5124588
-3.6267834;42.5125008
-3.6275065;42.5125198
-3.6439266;42.5125694
-3.6287849;42.5125809
-3.6263845;42.5125885
-3.6258750;42.5125504
-3.6272073;42.5126419
-3.6279142;42.5126724
-3.6290984;42.5126915
-3.6269228;42.5127449
-3.6256263;42.5127754
-3.6273067;42.5128059
-3.6268153;42.5128059
-3.6279044;42.5128899
-3.6265898;42.5129013
-3.6297514;42.5129242
-3.6263950;42.5129585
-3.6300058;42.5130119
-3.6251745;42.5130196
-3.6278536;42.5130539
-3.6265836;42.5130348
-3.6269872;42.5130997
-3.6255782;42.5131454
-3.6280911;42.5131912
-3.6950691;42.5132217
-3.6950545;42.5132446
-3.6248264;42.5133705
-3.6949332;42.5134850
-3.6275449;42.5135078
-3.6950679;42.5137024
-3.6947081;42.5138893
-3.6946123;42.5140572
-3.6753109;42.5151634
-3.6752996;42.5150795
-3.6940501;42.5151901
-3.6756516;42.5158157
-3.6762893;42.5155602
-3.6756587;42.5158882
-3.6934230;42.5159607
-3.6936457;42.5159988
-3.6934922;42.5162659
-3.6761963;42.5167961
-3.6929550;42.5168800
-3.6764309;42.5172691
-3.6854000;42.5179977
-3.6780112;42.5187073
-3.6748164;42.5186386
-3.6743886;42.5187073
-3.6754282;42.5188293
-3.6762044;42.5188522
-3.6763813;42.5187340
-3.6770663;42.5188828
-3.6751783;42.5189247
-3.6750543;42.5189743
-3.6741183;42.5190392
-3.6746347;42.5191269
-3.6745229;42.5191650
-3.6752510;42.5191841
-3.6742508;42.5192528
-3.6749661;42.5193329
-3.6747215;42.5193443
-3.6748674;42.5193481
-3.7086775;42.5193825
-3.6759684;42.5192909
-3.6750917;42.5194359
-3.6735613;42.5194664
-3.6734614;42.5194931
-3.6746676;42.5195007
-3.7266340;42.5202332
-3.6904850;42.5212517
-3.6905229;42.5214424
-3.6640160;42.5249214
-3.7117624;42.5261803
-3.6488554;42.5265732
-3.7135289;42.5274620
-3.6925881;42.5282173
-3.6609073;42.5286026
-3.6601682;42.5286674
-3.6597488;42.5284386
-3.6596143;42.5288353
-3.6598289;42.5288696
-3.6595633;42.5289345
-3.6599238;42.5289726
-3.6600888;42.5289955
-3.6606429;42.5290565
-3.6576121;42.5290604
-3.6594517;42.5291939
-3.6582260;42.5292168
-3.6597245;42.5292778
-3.6593084;42.5292816
-3.6606727;42.5292702
-3.6598794;42.5293159
-3.6598718;42.5294342
-3.6484077;42.5299225
-3.6598241;42.5299759
-3.7275126;42.5304756
-3.7276428;42.5307274
-3.6082177;42.5326004
-3.6084633;42.5324936
-3.6486568;42.5325775
-3.6081126;42.5328522
-3.6081028;42.5329437
-3.6082814;42.5335274
-3.6104093;42.5333977
-3.6095634;42.5335541
-3.6083021;42.5335770
-3.6083786;42.5334702
-3.6083531;42.5337029
-3.6075754;42.5340271
-3.6079383;42.5342178
-3.6074092;42.5342293
-3.6081853;42.5343056
-3.6081564;42.5343704
-3.6084702;42.5344124
-3.6081245;42.5344810
-3.6081913;42.5348587
-3.6142375;42.5355034
-3.6948056;42.5357246
-3.6216571;42.5359230
-3.6948674;42.5359383
-3.6948919;42.5360222
-3.6919267;42.5360718
-3.6918542;42.5360718
-3.6933877;42.5363235
-3.6932917;42.5358505
-3.6934812;42.5363312
-3.6937521;42.5364075
-3.6937957;42.5361671
-3.6939104;42.5364532
-3.6940715;42.5364685
-3.6945853;42.5366173
-3.6950779;42.5366554
-3.6938493;42.5367775
-3.7208493;42.5367813
-3.6940877;42.5367889
-3.6936700;42.5368042
-3.6935668;42.5369148
-3.6888685;42.5368843
-3.6932831;42.5369606
-3.6929541;42.5366325
-3.6951752;42.5369987
-3.6930501;42.5369606
-3.6937306;42.5370712
-3.6938868;42.5370865
-3.6943648;42.5370903
-3.6935043;42.5371399
-3.6363580;42.5373611
-3.7223032;42.5376320
-3.7226367;42.5374069
-3.7227826;42.5378609
-3.7228942;42.5379143
-3.6954722;42.5379333
-3.7223308;42.5379906
-3.7222369;42.5382004
-3.7223783;42.5382843
-3.7217836;42.5384293
-3.7215908;42.5385513
-3.7222021;42.5385857
-3.7212799;42.5386314
-3.7200336;42.5385056
-3.7226574;42.5386696
-3.7216754;42.5387802
-3.7224097;42.5387955
-3.7228825;42.5388298
-3.7209513;42.5388794
-3.7231410;42.5389404
-3.7226684;42.5389404
-3.7224200;42.5390015
-3.7240968;42.5392799
-3.7226553;42.5393143
-3.6458166;42.5396004
-3.7232935;42.5399704
-3.6964762;42.5406456
-3.6847324;42.5408096
-3.7361934;42.5410118
-3.6807976;42.5422211
-3.6805937;42.5423470
-3.6440306;42.5426292
-3.6736412;42.5425873
-3.6736112;42.5428734
-3.6735966;42.5430679
-3.6735556;42.5432091
-3.6731334;42.5437088
-3.6721342;42.5429802
-3.6730874;42.5438271
-3.6779706;42.5438385
-3.6736283;42.5439110
-3.6737072;42.5437737
-3.6738493;42.5440254
-3.6728816;42.5440254
-3.6727450;42.5439644
-3.6732357;42.5441055
-3.6730263;42.5442276
-3.6726968;42.5442505
-3.6751022;42.5443001
-3.6770024;42.5443077
-3.6734695;42.5443230
-3.6729822;42.5444183
-3.6729941;42.5445557
-3.6730080;42.5447311
-3.6982985;42.5452499
-3.6989603;42.5460739
-3.6914339;42.5454521
-3.6907890;42.5460930
-3.6904061;42.5459213
-3.6990032;42.5461197
-3.6899853;42.5459671
-3.6911860;42.5462685
-3.6423986;42.5463486
-3.6913583;42.5463562
-3.6992362;42.5463829
-3.6989346;42.5464935
-3.6984577;42.5462761
-3.6912847;42.5465240
-3.6993902;42.5465813
-3.6907837;42.5465889
-3.6922197;42.5468788
-3.6997485;42.5470238
-3.6924477;42.5470314
-3.6921453;42.5472450
-3.6413643;42.5502892
-3.6384661;42.5585098
-3.6384680;42.5587196
-3.6382937;42.5587234
-3.6381922;42.5587692
-3.6384909;42.5589333
-3.6374719;42.5591125
-3.7058570;42.5600014
-3.7059147;42.5601845
-3.6285944;42.5622940
-3.6094234;42.5639114
-3.6066670;42.5638008
-3.6110919;42.5639458
-3.6011407;42.5643692
-3.7060211;42.5652542
-3.5907524;42.5653038
-3.5906825;42.5649338
-3.5928843;42.5651627
-3.5926335;42.5654678
-3.5923061;42.5657692
-3.5911257;42.5658798
-3.5921929;42.5659103
-3.5913067;42.5659714
-3.5915084;42.5659752
-3.5916009;42.5660133
-3.5916677;42.5660400
-3.5909581;42.5660896
-3.5919578;42.5661850
-3.5921435;42.5662270
-3.5925310;42.5662460
-3.5921905;42.5662498
-3.5903437;42.5662575
-3.5913372;42.5663872
-3.5910857;42.5663872
-3.5921066;42.5664177
-3.5925665;42.5664253
-3.5918822;42.5664864
-3.5905712;42.5665398
-3.5911064;42.5666351
-3.5918500;42.5666466
-3.5914826;42.5666504
-3.5926759;42.5666504
-3.5920181;42.5666809
-3.5918345;42.5667267
-3.5912540;42.5667648
-3.5908589;42.5668831
-3.5907576;42.5669708
-3.5904241;42.5669785
-3.5918186;42.5670090
-3.5916131;42.5670090
-3.5922151;42.5670204
-3.5903783;42.5672722
-3.5905745;42.5673370
-3.6389067;42.5673485
-3.5970564;42.5674324
-3.6391418;42.5676651
-3.6389225;42.5677567
-3.6387489;42.5678291
-3.6393442;42.5678978
-3.6395979;42.5681686
-3.6398742;42.5684738
-3.6384804;42.5692177
-3.7107463;42.5693283
-3.7115424;42.5698662
-3.6407697;42.5701408
-3.6408107;42.5703278
-3.7125328;42.5703087
-3.7122488;42.5703316
-3.6371648;42.5703659
-3.6371107;42.5703583
-3.7123053;42.5703659
-3.6385365;42.5704002
-3.6393201;42.5697212
-3.6384950;42.5705719
-3.7121322;42.5705757
-3.7127409;42.5706520
-3.6379368;42.5706635
-3.7119024;42.5706749
-3.6403191;42.5705833
-3.6399899;42.5707359
-3.6378951;42.5707588
-3.6384006;42.5707664
-3.6383426;42.5709038
-3.7115858;42.5709305
-3.7131541;42.5709419
-3.6371205;42.5709572
-3.6377954;42.5709724
-3.7128077;42.5710449
-3.6382442;42.5711250
-3.6376796;42.5712051
-3.7136571;42.5712662
-3.7108421;42.5712814
-3.7100298;42.5712929
-3.7098472;42.5712929
-3.7133851;42.5713196
-3.7138348;42.5713921
-3.6387720;42.5714417
-3.6372821;42.5715637
-3.6379611;42.5715904
-3.7141502;42.5715904
-3.6382747;42.5715981
-3.7126193;42.5716057
-3.6374426;42.5716209
-3.6384218;42.5716248
-3.7138381;42.5716324
-3.7134831;42.5716515
-3.7132359;42.5716248
-3.7130430;42.5716553
-3.6386254;42.5716667
-3.7117755;42.5716667
-3.6381803;42.5717087
-3.7125597;42.5717506
-3.7137055;42.5717697
-3.6377208;42.5717926
-3.6377172;42.5719490
-3.6372051;42.5719604
-3.6378036;42.5719757
-3.6378789;42.5720139
-3.7139792;42.5720177
-3.7124410;42.5720596
-3.7120543;42.5720406
-3.7126856;42.5720711
-3.7090168;42.5721397
-3.6383958;42.5722351
-3.6376519;42.5722427
-3.6375124;42.5721817
-3.7115970;42.5722580
-3.7140019;42.5722733
-3.7131348;42.5722733
-3.7141669;42.5722771
-3.7125366;42.5722885
-3.7119927;42.5722885
-3.7133737;42.5723724
-3.6376021;42.5723801
-3.6377673;42.5724297
-3.6375704;42.5724525
-3.6390650;42.5724602
-3.7136383;42.5724869
-3.6400912;42.5725060
-3.6377792;42.5725212
-3.7139938;42.5725250
-3.7125709;42.5725441
-3.7156298;42.5725784
-3.7130880;42.5726013
-3.6381478;42.5726089
-3.7141278;42.5726242
-3.6371264;42.5726318
-3.6399834;42.5726509
-3.6374788;42.5726585
-3.7132599;42.5727386
-3.7125640;42.5727386
-3.6373141;42.5727692
-3.6376357;42.5727768
-3.7142665;42.5727844
-3.7135406;42.5728302
-3.7139094;42.5728569
-3.7160459;42.5728607
-3.7150345;42.5728645
-3.7157166;42.5729256
-3.6369855;42.5729904
-3.6369174;42.5726357
-3.6372709;42.5730095
-3.7132957;42.5730247
-3.6369901;42.5734177
-3.6372054;42.5734711
-3.7176239;42.5743256
-3.6385841;42.5744972
-3.6370697;42.5745392
-3.6384754;42.5746498
-3.6369781;42.5753899
-3.6378858;42.5754433
-3.6372557;42.5756073
-3.6376147;42.5757713
-3.6374805;42.5759392
-3.7184098;42.5762291
-3.6371059;42.5764656
-3.5880523;42.5769272
-3.5879340;42.5770187
-3.5874989;42.5771523
-3.5875487;42.5771713
-3.6368110;42.5771942
-3.5878322;42.5773048
-3.5878534;42.5774117
-3.5880756;42.5774269
-3.5886011;42.5774879
-3.5896184;42.5776062
-3.5878825;42.5776062
-3.5883369;42.5777512
-3.5880263;42.5777664
-3.5876362;42.5778809
-3.5886052;42.5779228
-3.5883677;42.5778732
-3.5883350;42.5779991
-3.5894499;42.5778618
-3.5889294;42.5780182
-3.5887566;42.5781822
-3.5892642;42.5781937
-3.6352558;42.5841141
-3.7255390;42.5892105
-3.6341286;42.5899048
-3.6341162;42.5899734
-3.6339080;42.5910645
-3.6332154;42.5945587
-3.6331887;42.5946884
-3.6332252;42.6007957
-3.7258358;42.6013947
-3.7255731;42.6024818
-3.6337922;42.6030464
-3.7253652;42.6033401
-3.7259462;42.6176186
