0;1;6.948
2;0;5.022
3;2;0.689
4;3;18.158
5;4;14.156
6;7;0.981
8;9;1.050
11;12;0.805
13;14;1.415
16;17;2.128
17;18;31.279
18;11;0.738
12;19;68.849
19;20;2.366
20;21;5.923
21;22;3.275
22;23;1.626
24;23;15.010
23;25;0.514
21;26;6.365
22;27;3.593
25;28;2.489
29;28;5.745
28;30;2.075
31;30;8.819
25;31;15.334
30;32;4.182
32;33;10.678
32;8;2.001
33;34;6.181
9;35;3.993
35;36;6.413
35;37;0.203
37;38;7.203
38;39;0.679
39;13;10.144
14;40;0.332
40;41;27.840
42;43;8.841
44;45;14.230
43;46;47.956
46;47;0.682
47;48;1.659
49;46;29.253
49;48;18.271
45;50;49.128
50;49;13.278
51;52;6.661
52;50;2.513
53;52;3.363
54;53;3.163
55;54;2.987
53;56;8.238
56;57;5.997
48;6;9.095
58;54;7.199
55;59;8.177
56;60;10.217
61;57;7.727
61;60;3.982
62;61;1.493
63;58;9.141
60;63;0.876
58;64;4.735
64;65;8.295
63;65;1.314
66;55;16.681
66;64;12.562
57;67;15.477
7;67;2.712
65;68;3.191
69;66;3.544
70;69;29.681
67;71;13.855
71;72;2.010
72;73;50.826
73;74;13.873
73;75;33.470
75;10;22.962
74;15;67.319
76;77;0.718
78;79;23.682
80;78;0.698
79;81;80.630
81;76;33.516
82;83;3.512
84;82;5.297
85;82;10.470
84;86;4.754
86;87;6.005
87;88;12.897
88;84;11.033
88;89;20.374
77;90;68.609
90;86;13.393
88;91;22.693
92;87;29.996
90;93;17.921
93;94;52.051
94;95;29.695
95;96;63.217
96;97;10.508
97;98;34.434
99;100;2.520
98;99;43.896
100;101;37.279
103;104;3.801
104;105;76.580
106;107;0.322
109;110;4.415
107;109;9.926
108;106;68.272
110;103;55.969
111;112;19.689
113;111;7.374
114;113;30.603
115;116;14.231
117;115;7.052
117;118;20.828
117;119;11.670
119;114;46.446
115;120;18.983
119;121;19.714
122;123;1.175
124;125;1.608
126;127;1.070
128;129;30.205
129;130;11.115
130;131;26.515
131;132;21.522
132;133;12.867
133;134;28.029
134;135;2.979
135;136;2.411
136;137;1.046
137;138;13.652
139;140;5.189
137;139;1.736
141;136;21.418
142;143;3.874
139;142;3.315
144;141;3.655
141;145;4.918
144;146;2.286
146;147;3.296
145;147;2.119
148;145;7.546
148;149;1.028
146;150;3.847
147;151;2.178
142;152;3.409
152;144;11.751
153;148;17.061
154;153;1.725
152;155;0.888
151;156;8.168
151;157;12.667
155;158;1.109
155;157;7.888
158;159;14.622
159;160;2.419
156;161;6.312
153;161;16.117
162;154;11.115
163;162;3.693
158;164;2.867
165;163;1.407
159;166;11.060
157;167;11.111
164;166;10.048
168;156;14.551
168;169;5.772
161;169;8.098
167;168;5.899
164;170;0.815
167;170;8.260
165;171;5.795
165;172;7.559
169;173;4.160
174;165;6.051
173;175;3.140
170;176;2.000
177;176;18.572
177;173;3.085
174;178;6.739
179;174;4.292
180;181;4.989
166;180;9.601
178;182;3.529
179;183;3.486
178;184;4.617
180;185;5.981
186;185;8.284
176;186;2.609
187;179;8.642
188;177;7.799
188;187;16.005
186;189;1.370
190;189;4.534
190;191;3.314
189;192;1.119
192;193;3.809
193;190;2.579
194;188;5.827
195;194;2.115
193;195;9.071
196;194;3.493
196;188;8.851
192;197;1.657
185;198;13.687
195;199;6.303
200;196;8.195
200;187;17.015
197;201;2.784
199;201;8.916
199;202;14.240
202;200;7.011
201;203;3.376
203;204;8.798
204;205;12.961
205;206;13.520
127;207;4.317
206;207;3.704
208;126;11.136
209;208;5.771
210;209;4.733
211;212;26.578
213;210;91.307
214;213;2.040
215;214;1.432
212;215;21.458
216;211;35.546
217;218;7.900
216;218;2.538
219;220;3.460
221;217;16.034
222;221;2.532
221;223;3.017
217;224;5.926
218;224;1.988
225;222;1.699
225;226;8.084
227;219;10.924
219;227;6.719
228;225;2.882
222;229;8.989
224;229;2.648
228;230;3.069
231;227;5.045
231;226;6.010
232;227;5.744
232;231;7.510
233;231;9.180
233;228;6.619
234;233;2.525
235;234;0.769
229;235;3.821
236;232;9.977
231;236;10.141
237;236;6.076
234;237;4.623
238;237;1.284
239;238;1.666
238;240;3.767
241;239;3.302
239;240;7.127
241;242;2.127
240;243;7.310
244;241;10.878
245;244;1.935
244;246;6.815
207;247;107.670
247;248;69.143
248;249;34.404
249;250;12.141
123;250;1.005
251;122;8.530
252;251;16.946
253;252;0.464
250;254;62.386
254;255;4.519
256;257;0.726
257;258;1.345
259;260;5.863
259;256;3.617
261;259;0.422
258;124;14.869
262;263;12.476
262;264;12.178
265;261;1.242
266;253;109.834
125;266;3.773
267;262;11.026
267;265;0.934
268;269;31.267
270;261;9.325
257;270;12.089
271;263;3.998
272;267;1.331
273;271;5.360
274;272;0.636
275;270;3.330
262;276;9.085
276;274;0.243
265;277;8.705
277;275;1.904
271;278;4.907
279;273;8.815
279;276;0.870
280;272;9.110
277;280;3.355
275;281;5.276
282;279;2.127
273;283;6.674
284;282;0.410
283;284;0.993
285;283;2.246
274;286;8.976
286;280;5.640
269;285;9.524
282;287;11.540
286;287;1.652
285;284;17.560
288;287;5.954
289;288;9.648
280;289;15.302
290;268;8.592
291;290;10.017
291;292;7.600
294;293;5.480
293;295;3.469
294;291;9.268
296;297;3.829
296;295;1.512
298;299;1.227
299;297;14.690
300;301;13.613
301;298;2.051
302;296;5.519
302;294;5.872
303;301;3.699
298;303;4.571
304;302;3.042
305;304;1.624
306;303;4.313
307;305;7.765
308;307;1.259
308;305;4.130
307;306;10.518
306;309;5.176
304;310;11.210
309;311;1.185
312;308;6.820
312;310;16.108
313;314;10.581
309;313;10.945
315;316;0.304
317;318;1.073
319;320;1.170
255;321;15.851
322;323;82.073
321;324;3.910
323;325;2.221
325;326;0.659
324;327;6.027
326;328;6.701
328;329;2.495
329;330;8.521
327;331;20.271
331;332;3.339
333;332;0.834
332;334;6.190
330;334;6.952
333;335;5.554
336;333;6.236
334;336;1.301
337;336;0.701
337;335;4.240
337;338;1.215
335;339;13.095
338;339;2.846
339;340;2.268
340;341;14.762
341;342;45.003
342;343;4.462
344;342;6.491
345;344;3.186
343;345;3.036
345;346;4.601
343;346;9.628
347;345;4.846
348;344;3.316
348;345;6.974
345;349;2.203
347;349;7.956
350;347;3.832
346;350;5.305
351;350;1.436
352;348;5.097
349;352;5.245
318;351;4.452
353;317;4.794
354;353;10.172
355;356;6.082
357;355;14.955
358;354;10.625
357;359;5.093
355;360;26.416
359;360;3.436
361;357;4.572
361;362;8.016
363;361;6.845
363;364;3.068
365;358;1.183
360;365;3.433
366;363;7.264
359;367;8.202
367;366;5.675
368;369;21.444
370;367;1.694
368;371;5.373
372;365;2.639
370;372;5.549
373;374;3.817
371;373;2.283
375;376;1.186
373;377;3.923
378;379;4.274
377;378;2.041
380;372;0.585
381;382;8.684
381;383;6.052
378;384;2.457
385;375;5.831
385;381;1.881
375;386;6.329
387;385;1.438
384;387;9.934
388;389;2.666
366;389;11.666
390;370;11.121
390;389;2.114
389;391;2.846
392;368;12.267
380;393;12.792
393;390;3.421
394;395;2.072
396;394;5.106
387;396;7.372
384;397;11.566
394;398;16.258
399;398;3.057
371;400;17.530
400;401;1.742
401;380;6.053
397;402;5.507
402;400;2.257
403;398;3.306
396;403;9.342
397;404;9.045
404;405;1.526
396;406;7.570
406;405;9.008
405;407;1.181
406;408;4.853
404;409;6.717
402;409;5.872
393;410;13.403
410;411;0.768
411;412;9.471
413;403;5.381
408;413;4.012
407;414;3.802
413;415;4.159
407;414;12.995
406;416;8.710
417;409;5.468
417;401;4.088
418;410;14.762
417;418;9.351
419;417;1.193
420;421;9.495
414;422;5.512
411;420;35.601
422;423;0.699
423;419;0.727
424;419;3.163
425;408;11.714
425;422;15.993
426;423;3.455
424;427;5.624
428;426;0.458
429;428;0.332
430;425;6.232
430;426;4.779
431;430;1.593
431;429;0.896
432;425;13.029
432;433;13.238
429;434;7.740
434;424;12.849
435;432;6.409
435;430;13.335
436;435;1.280
436;431;5.028
437;432;12.191
437;438;6.064
439;434;8.872
440;441;3.153
442;437;7.915
443;437;6.347
443;435;11.854
444;439;3.836
445;443;1.137
445;436;4.420
446;439;4.242
446;440;5.437
447;444;4.772
440;448;6.542
444;449;3.990
450;446;3.761
451;447;5.262
447;451;8.563
450;452;4.926
453;443;15.440
452;454;4.139
455;451;4.923
456;450;11.360
456;457;4.751
457;458;3.745
459;455;6.245
452;459;16.347
458;460;1.304
460;461;2.888
460;462;1.049
462;463;2.066
463;464;3.875
463;465;7.321
466;459;5.049
466;467;4.124
458;468;3.773
469;457;6.156
470;445;13.705
462;471;6.942
472;471;4.191
471;473;5.008
474;466;16.473
474;456;12.162
475;476;3.033
473;475;2.744
475;474;5.637
477;473;9.953
478;477;1.539
477;479;4.106
479;480;3.022
479;475;14.684
481;470;4.104
482;481;6.000
483;482;6.973
316;352;63.006
320;483;29.862
484;315;16.812
485;319;19.357
484;486;9.219
487;484;3.405
487;486;5.066
486;485;4.286
488;487;4.895
485;488;5.561
489;488;5.721
490;487;5.385
490;489;12.128
491;490;29.538
492;497;7.331
494;497;30.867
498;495;35.387
498;493;10.213
499;496;8.262
500;499;3.464
497;501;9.909
41;502;31.155
502;503;1.971
503;504;15.507
507;508;3.214
508;509;8.018
509;505;51.739
510;508;9.389
509;511;9.469
511;506;37.992
510;512;7.122
512;509;11.078
513;512;6.039
513;511;13.548
514;510;15.731
514;515;7.741
515;513;8.024
516;517;6.996
518;519;0.828
520;521;1.345
522;523;1.807
524;525;0.830
517;526;0.862
527;528;1.169
529;530;0.825
531;532;0.584
533;80;1.640
534;535;6.409
535;518;15.146
519;533;16.915
536;537;18.570
538;539;7.682
540;538;4.572
541;542;8.743
542;543;24.042
543;544;29.641
544;545;9.047
545;546;6.596
546;520;0.728
521;522;28.844
523;524;36.555
525;547;37.825
547;548;13.671
549;550;7.882
548;551;7.679
552;550;10.761
553;552;3.216
554;552;3.630
555;554;1.570
556;555;7.306
555;556;13.995
557;556;9.398
554;557;38.494
558;557;23.849
559;558;5.011
558;560;44.040
560;561;7.237
560;562;6.563
562;563;37.445
564;562;27.847
551;565;23.835
565;566;6.352
566;567;2.283
567;568;0.661
568;569;18.735
569;516;10.581
526;570;55.603
570;571;1.525
572;573;7.934
573;574;26.707
571;575;11.870
574;576;5.054
577;576;7.814
578;579;9.648
575;578;5.973
575;580;3.582
580;578;5.988
578;581;3.180
580;582;0.884
576;582;9.399
582;583;1.471
583;584;20.725
584;585;1.276
583;586;2.587
586;587;2.224
586;587;15.435
587;588;0.549
588;589;21.435
588;590;8.239
591;590;13.377
589;592;8.815
590;593;4.121
589;594;14.077
593;594;7.097
594;595;5.900
596;595;8.957
597;596;2.923
595;598;10.633
598;599;5.772
596;599;6.600
599;597;10.190
593;600;11.007
597;600;18.019
600;601;4.150
601;602;1.595
602;603;7.551
530;527;38.113
528;531;22.855
532;604;2.022
604;16;4.677
603;605;20.792
602;529;67.725
605;606;5.361
606;607;57.430
607;42;5.117
608;609;1.021
610;611;1.246
612;613;0.724
614;615;2.114
615;616;3.906
616;617;32.846
617;608;39.714
618;619;5.910
619;610;2.846
620;618;9.388
621;622;10.289
623;624;6.566
621;625;7.012
626;621;10.821
627;626;1.813
624;628;1.556
626;628;11.299
629;630;2.899
630;627;4.098
631;624;5.642
609;632;47.447
633;626;5.458
611;634;6.122
630;635;2.782
635;636;15.391
628;637;3.561
637;633;5.522
627;638;4.644
638;635;4.374
639;620;7.575
633;640;4.896
640;638;4.948
641;639;1.587
637;642;6.461
642;640;4.841
643;642;2.701
644;641;0.994
645;631;10.671
645;643;5.186
646;647;5.766
647;645;3.919
648;631;21.306
649;647;5.766
650;651;2.434
652;649;1.105
653;651;8.484
641;653;25.476
654;644;2.020
647;655;5.112
643;655;10.564
654;656;38.774
651;657;7.089
657;650;3.732
634;658;3.567
659;657;1.768
649;660;6.721
655;660;3.480
650;659;6.627
632;661;3.871
658;612;0.587
652;662;9.063
660;662;3.476
663;659;6.138
664;652;11.208
665;664;2.630
665;666;2.416
667;664;4.445
667;665;4.920
662;668;7.905
653;668;31.349
668;669;5.732
670;654;5.181
671;669;4.771
672;667;13.149
669;672;12.232
673;671;2.521
672;674;1.781
671;675;5.976
674;676;4.830
674;677;3.900
613;678;8.176
678;679;6.112
491;680;19.429
679;681;3.718
681;680;9.364
681;682;1.796
680;682;1.979
682;683;1.484
680;683;7.051
682;684;1.907
683;684;9.213
685;681;10.044
683;686;4.216
661;687;32.966
688;670;32.429
689;690;4.021
691;692;2.348
693;694;0.580
695;696;1.004
698;699;0.871
700;698;7.784
701;700;18.414
699;702;83.335
702;703;2.213
696;701;24.985
703;704;11.181
705;695;3.453
706;705;3.568
707;706;3.119
708;707;6.190
707;708;8.370
708;709;5.673
710;709;3.120
710;711;0.820
712;713;2.511
712;706;4.462
709;712;12.013
714;713;2.236
715;710;6.309
713;716;15.464
717;715;3.817
712;718;10.991
718;715;10.251
717;719;5.099
720;712;5.020
716;720;14.697
721;718;6.982
721;717;11.880
720;722;17.837
722;721;8.215
704;723;12.562
723;724;0.533
725;720;5.546
726;727;20.623
725;722;22.628
728;725;1.547
721;729;29.352
724;730;4.634
727;730;8.619
730;731;2.372
732;733;1.513
690;732;1.016
731;734;1.332
735;734;3.952
736;724;26.213
736;731;7.336
734;737;2.836
738;689;2.870
737;739;0.950
727;740;32.674
740;738;2.541
739;741;0.819
742;741;11.744
742;740;2.164
741;743;2.982
744;736;6.000
744;737;11.759
739;745;4.139
742;746;5.914
738;746;5.079
737;747;10.231
747;748;7.934
747;748;1.894
749;744;7.227
748;749;6.583
743;750;13.092
750;751;6.264
746;752;12.601
753;752;3.805
751;753;5.662
752;754;3.237
743;755;18.915
750;755;7.915
751;756;6.425
756;753;3.669
757;756;1.516
755;758;6.587
754;759;6.488
759;760;4.241
754;761;15.642
760;762;1.802
761;763;7.880
759;764;8.154
761;764;8.985
764;765;1.830
763;766;4.734
765;760;13.801
763;767;5.070
765;768;9.818
769;728;45.995
770;769;66.869
697;770;6.643
772;773;14.077
774;775;10.520
775;776;3.157
777;778;14.716
778;775;7.452
779;780;15.810
781;779;11.545
781;782;9.276
779;783;1.420
780;783;15.182
784;773;6.405
784;778;5.684
785;784;1.744
773;784;21.045
775;786;14.985
782;787;9.416
784;788;8.504
786;788;1.293
782;789;8.557
789;787;6.683
783;790;12.660
789;790;3.172
787;791;6.415
791;792;3.195
792;785;11.467
780;793;22.696
792;794;5.600
794;785;10.861
795;796;9.579
796;793;2.987
791;797;3.687
797;794;7.636
793;798;3.230
794;799;5.049
790;800;11.765
800;797;5.451
798;801;3.007
802;800;4.251
801;802;6.737
798;803;3.639
801;804;3.129
802;805;2.576
796;806;6.826
807;805;4.043
807;797;7.719
808;804;2.008
809;808;4.444
794;810;10.616
811;807;10.974
812;811;1.272
804;813;13.235
805;813;9.906
808;814;14.983
813;814;2.639
814;815;3.382
691;771;46.532
692;693;7.264
816;772;84.395
694;817;4.109
817;818;8.979
817;819;1.987
818;819;5.147
819;820;1.672
818;820;6.572
821;820;14.731
821;822;2.394
823;821;5.261
824;823;11.692
824;823;4.584
825;824;4.804
826;827;3.525
824;828;8.947
829;830;13.290
826;831;6.699
825;831;4.992
832;830;4.533
833;825;8.435
830;834;4.750
834;826;8.041
831;835;4.218
835;833;4.132
832;836;5.832
834;837;4.037
838;832;9.026
837;839;7.227
835;839;4.374
840;837;3.113
837;841;4.673
839;841;2.373
838;842;4.000
840;842;5.945
841;843;1.162
835;844;7.025
845;840;4.274
843;845;2.460
846;847;1.696
820;847;17.928
848;843;3.419
844;848;5.882
838;849;12.543
842;850;6.374
845;850;3.674
849;851;2.985
850;852;4.077
852;848;7.489
849;851;7.315
851;853;3.199
850;853;4.555
853;854;4.423
852;854;2.907
833;855;21.236
855;856;4.741
854;857;11.924
844;857;11.101
857;855;11.699
856;858;8.774
858;859;2.190
847;859;4.536
860;859;6.970
861;862;5.690
862;863;2.604
853;863;10.296
864;861;4.589
854;865;5.368
862;866;2.073
863;866;2.563
867;857;4.558
868;861;4.018
859;869;10.500
859;870;3.581
870;871;2.303
869;871;7.200
859;872;8.162
872;873;1.357
869;874;7.720
874;872;9.821
873;875;0.340
866;876;17.004
875;816;42.526
877;874;5.347
874;878;5.906
878;873;7.617
871;879;12.805
878;880;6.947
881;878;11.320
870;882;9.190
882;883;12.519
883;884;10.510
884;885;6.546
886;887;6.752
887;888;3.043
885;889;35.913
888;890;10.535
889;886;22.967
890;891;31.283
891;892;8.315
892;893;17.177
893;894;41.081
894;614;30.766
895;896;0.889
897;898;0.687
899;900;0.483
901;902;0.556
903;904;0.744
905;906;0.875
907;908;0.349
909;910;0.559
911;912;0.530
913;915;14.180
914;916;8.059
916;897;12.573
898;899;5.397
900;901;2.806
902;917;2.098
917;903;0.479
904;918;3.352
919;918;10.826
920;919;2.556
921;920;6.257
918;922;15.545
922;923;0.312
924;921;22.257
925;924;33.198
923;906;34.556
926;925;28.841
927;928;34.377
928;929;4.310
930;905;9.786
916;931;89.484
931;895;0.145
929;932;87.819
932;933;12.918
933;934;42.220
896;935;10.702
935;936;2.017
937;930;14.166
934;938;44.840
939;940;4.747
941;942;6.626
941;939;3.762
943;941;1.588
944;939;3.690
945;946;11.106
936;947;10.154
947;943;9.486
948;949;18.277
950;947;0.769
951;950;5.085
952;943;7.307
952;953;2.232
948;954;4.661
955;950;2.014
955;952;11.347
956;955;0.459
954;957;5.978
958;945;10.937
959;960;12.102
961;948;9.336
961;957;3.900
962;945;21.825
963;959;35.403
958;964;2.091
938;964;37.338
965;966;5.178
965;963;1.712
967;963;13.985
967;961;2.195
968;956;1.430
968;962;8.018
969;967;4.800
957;969;3.231
970;962;3.975
971;969;9.108
956;971;16.116
972;968;1.684
972;970;9.397
973;970;6.863
973;958;29.953
964;974;9.445
975;965;10.231
976;973;6.604
977;972;2.472
977;976;4.215
978;975;3.366
974;979;5.990
979;980;14.214
981;977;1.055
982;981;2.316
983;974;7.518
979;983;7.457
984;959;21.296
975;984;8.717
976;985;6.817
986;984;2.695
986;978;6.779
987;981;1.569
987;985;5.200
988;971;16.443
988;982;20.488
984;989;9.293
990;988;1.894
985;991;23.078
991;983;10.267
992;986;9.406
992;978;10.376
985;993;12.644
993;991;8.807
993;994;4.544
979;994;24.000
990;995;21.161
995;990;12.425
996;992;11.999
996;995;4.019
994;997;3.582
998;987;5.801
993;998;10.408
999;988;16.458
1000;999;5.094
999;1001;3.122
1001;982;22.162
1002;996;6.189
997;1003;12.559
1004;996;7.517
1004;1000;13.287
1005;1003;1.891
1003;1006;10.184
1006;1007;4.541
998;1008;7.342
1001;1009;6.488
1009;1010;4.887
1008;1010;1.825
1010;1011;2.056
1012;1004;8.750
1012;1000;9.161
1005;1013;7.113
1014;1009;6.867
997;1015;12.629
1015;1005;10.827
1016;926;53.945
1017;998;5.218
1015;1018;1.574
1017;1018;11.365
1011;1019;6.005
1011;1014;11.633
1020;1017;0.721
1021;1012;11.585
1021;1014;6.682
1022;1008;15.392
1022;1020;1.647
1006;1023;14.752
1018;1024;8.432
1023;1024;10.410
1024;1025;1.252
1025;1023;14.759
1026;937;21.821
908;1026;0.476
1027;1022;22.971
1025;1028;21.683
1029;1016;8.639
1020;1030;12.245
1031;1029;21.820
1032;907;6.059
1033;1032;0.673
1034;1033;1.442
1035;1029;7.679
1036;1031;29.477
1037;1035;0.844
1037;1038;10.945
1038;1039;1.691
1040;1035;1.615
1035;1041;15.209
1041;1040;5.943
1042;1038;2.164
1043;1042;1.388
1044;1045;5.728
1044;1041;4.412
1046;1036;6.667
1046;1047;2.026
1048;1037;5.990
1042;1048;10.032
1048;1049;1.980
1050;1032;7.601
1051;1052;10.308
1053;1044;2.080
1052;1054;4.187
1054;1055;4.602
1056;1050;0.177
1057;1053;7.567
1058;1046;2.629
1058;1057;2.901
1059;1060;17.682
1059;1034;6.961
1061;1036;9.269
1061;1058;4.331
1054;1062;9.141
1062;1061;0.792
1053;1063;8.853
1063;1040;2.308
1063;1049;5.110
1064;1062;1.348
1065;1066;2.689
1065;1067;5.377
1068;1057;3.822
1049;1069;6.962
1070;1071;5.393
1071;1064;8.698
1068;1072;2.471
1072;1068;7.012
1073;1071;2.001
1074;1059;2.384
1075;1065;6.409
1074;1076;3.002
1076;1077;6.730
1064;1078;7.141
1078;1072;6.231
1079;1075;10.055
1079;1074;1.240
1080;1078;1.619
1081;1080;14.840
1063;1081;14.512
1075;1082;6.225
1083;1084;14.361
1084;1082;7.129
1085;1086;7.862
1082;1087;3.449
1087;1079;3.382
1088;1085;8.202
1088;1084;2.684
1089;1088;7.159
1089;1087;0.746
1090;1085;4.001
1076;1091;12.540
1091;1092;4.256
1093;1089;1.541
1094;1087;9.254
1095;1094;1.554
1096;1091;5.455
1097;1088;6.854
1097;1093;1.918
1096;1094;13.812
1098;1096;3.283
1098;1099;3.667
1100;1097;3.073
1101;1093;8.338
1095;1101;6.590
1102;1098;5.022
1103;1095;9.192
1104;1056;9.304
1104;1105;0.708
1106;1101;7.337
1105;1100;6.376
1107;1104;25.316
1030;1108;58.727
1109;1107;30.218
910;1109;6.727
1110;909;1.661
1108;1111;15.610
912;1110;17.801
1112;911;7.477
1113;1112;91.058
1111;1114;45.506
1114;128;1.616
1115;1113;63.911
1116;1115;40.738
1117;1116;3.728
1118;1117;3.090
1119;1120;14.856
1121;1118;4.721
1122;1123;7.370
1122;1124;4.901
1121;1124;2.442
1125;1126;6.120
1124;1126;0.318
1127;1121;32.444
1128;1127;6.244
1128;1119;24.765
1129;1130;4.528
1126;1131;7.548
1127;1132;4.178
1130;1133;10.144
1131;1133;0.381
1134;1128;4.750
1131;1135;14.440
1135;1132;2.383
1132;1134;7.340
1134;1136;4.700
1136;1137;2.366
1137;1138;6.572
1137;1139;3.259
1140;1136;3.846
1140;1141;2.242
1135;1142;9.048
1143;1142;6.180
1144;1140;1.692
1144;1145;4.899
1146;1144;5.171
1142;1146;12.200
1133;1147;3.270
1148;1146;3.693
1148;1149;3.108
1150;1148;6.032
1147;1151;2.267
1150;1152;1.693
1153;1150;9.520
1154;1153;5.210
1151;1155;3.107
1156;1153;11.847
1157;105;5.273
1158;1157;18.385
1159;1158;3.219
1160;1159;48.853
112;1157;4.410
1161;1160;23.649
1155;1162;18.422
1163;1161;26.266
1164;1163;10.628
1162;1165;11.594
1166;1164;18.045
1165;1166;21.342
1167;1168;1.911
1169;1170;1.070
1171;1172;0.540
1173;1174;0.576
1175;1176;0.594
1177;1178;3.166
1178;1179;16.218
1180;1181;17.183
1181;1182;8.982
1181;1183;30.667
1187;1186;22.278
1172;1184;29.591
1179;1187;5.527
1188;1189;7.208
1190;1191;9.778
1188;1190;4.028
1171;1192;5.074
1193;1188;8.827
1194;1195;8.931
1192;1196;22.467
1197;1177;5.591
1198;1197;0.231
1197;1194;11.129
1199;1200;6.178
1200;1198;0.916
1196;1201;5.144
1192;1202;3.345
1203;1204;9.978
1205;1206;8.082
1206;1196;6.709
1190;1207;20.118
1207;1203;2.968
1206;1208;3.911
1208;1201;5.549
1209;1200;4.670
1203;1210;12.023
1210;1209;1.003
1207;1211;2.473
1211;1212;0.588
1212;1203;4.499
1201;1213;10.406
1213;1214;4.150
1215;1198;11.576
1212;1216;2.982
1216;1210;1.467
1217;1211;19.371
1168;1217;0.538
1218;1206;10.177
1213;1219;5.822
1214;1220;12.556
1167;1220;0.357
1220;1221;0.441
1223;1219;4.333
1216;1224;6.556
1224;1222;3.007
1223;1225;1.943
1208;1225;15.244
1185;1226;30.210
1227;1209;10.757
1224;1228;2.592
1229;1225;2.454
1229;1223;4.445
1211;1230;11.270
1230;1228;10.593
1228;1231;1.734
1214;1232;18.186
1221;1232;2.520
1231;1233;5.247
1227;1233;5.158
1219;1234;12.899
1232;1234;0.889
1233;1235;6.681
1235;1236;1.522
1236;1227;8.406
1235;1237;3.659
1238;1229;10.376
1202;1239;7.747
1233;1240;10.505
1237;1240;4.647
1237;1240;3.674
1239;1173;1.070
1221;1183;29.024
1241;1236;12.864
1230;1242;15.395
1231;1242;16.000
1234;1243;15.590
1234;1180;4.936
1174;1244;4.360
1180;1244;2.883
1244;1182;5.784
1226;1245;11.153
1182;1246;15.277
1245;1169;15.317
1246;1247;36.496
1170;1248;25.703
1247;1249;6.879
1249;1250;0.631
1248;1251;6.168
1250;1252;14.854
1252;1253;1.635
1253;1254;29.258
1254;1175;21.266
1176;1255;0.453
1255;1256;21.085
1256;1257;1.014
1251;1258;73.294
1257;1259;12.521
1259;534;0.141
1259;537;2.145
1258;1260;14.431
1260;1261;35.436
539;536;22.967
1261;1262;29.842
1262;1263;18.039
1263;1264;23.818
1265;1264;11.010
1266;1265;16.126
1267;1266;9.139
1268;1267;9.923
1269;1268;1.226
1268;1270;4.857
1267;1270;6.691
1271;1266;9.291
1271;1272;7.343
1273;1271;9.626
1274;1269;8.869
1264;1275;4.356
1270;1276;8.073
1276;1273;6.526
1277;1271;5.311
1276;1278;0.650
1279;1269;9.135
1280;1277;1.056
1280;1281;3.882
1277;1273;14.123
1282;1278;2.481
1283;1282;5.046
1284;1280;2.912
1285;1283;1.318
1284;1286;8.088
1287;1279;7.027
1287;1285;4.338
1288;1284;2.814
1278;1289;7.680
1290;1287;2.194
1291;1288;3.218
1289;1292;4.997
1291;1292;4.516
1293;1290;3.199
1294;1288;2.383
1294;1295;1.683
1296;1285;5.024
1296;1283;6.227
1295;1297;7.039
1292;1291;6.638
1293;1298;1.353
1299;1294;2.736
1300;1279;11.439
1300;1293;5.018
1301;1296;2.681
1302;1295;3.646
1289;1303;6.249
1302;1299;5.854
1304;1301;3.638
1301;1304;3.394
1305;1303;5.123
1306;1304;0.751
1306;1307;5.530
1282;1307;13.097
1307;1305;3.926
1308;1299;6.685
1309;1290;9.032
1309;1306;2.983
1303;1310;3.127
1310;1308;2.299
1311;1310;0.801
1275;1312;6.543
1312;1300;6.273
1313;1302;4.805
1314;1308;6.326
1315;1305;3.109
1315;1311;4.313
1312;1309;12.519
1307;1316;3.414
1316;1315;3.102
1317;1306;4.635
1318;1317;2.025
1319;1316;2.237
1317;1320;2.801
1319;1320;3.538
1318;1321;2.592
1320;1321;5.177
1322;1312;2.203
1318;1322;14.117
1321;1323;2.503
1324;1319;8.239
1324;1325;13.305
1311;1326;13.457
1327;1324;7.317
1328;1322;6.267
1329;1328;3.093
1330;1329;1.038
540;541;41.028
1330;1331;3.868
1331;1332;11.048
1332;1333;10.755
1333;1334;8.741
1334;1335;2.415
1335;1336;52.273
1336;1337;99.406
1338;1337;5.505
1339;1338;8.069
1340;1338;6.308
1341;1340;1.221
1342;1341;1.944
1340;1341;17.403
1343;1342;7.523
1343;1342;1.953
1344;1345;3.978
1346;1345;5.670
1347;1343;1.823
1345;1347;4.862
1346;1348;2.227
1349;1350;2.186
1350;1348;4.048
1351;1347;2.071
1352;1351;0.302
1352;1350;4.307
1348;1353;6.990
1354;1352;2.492
1353;1354;2.386
1355;1354;2.228
1353;1355;8.055
1356;1357;9.842
1357;1358;26.715
1357;1359;1.310
1359;1360;3.176
1361;1355;6.052
1361;1359;3.715
1362;1360;2.337
1363;1361;1.093
1362;1363;0.879
1360;1364;16.131
1365;1364;3.475
1366;1365;5.346
1366;1362;3.523
1367;1366;0.933
1367;1365;0.963
1368;1367;0.692
1369;1368;4.088
1364;1369;11.519
1370;1363;7.255
1371;1369;2.355
1372;1370;15.047
1372;1368;17.808
1373;1372;1.324
1374;1375;0.543
1376;1377;3.169
1378;1379;2.578
1380;1381;2.488
1382;1383;1.113
1384;1385;2.599
1386;1387;4.117
1388;1389;3.080
1390;1391;1.592
1392;1393;5.735
1394;1395;1.459
1396;1397;0.841
1398;1399;3.413
1400;1401;1.451
1402;1403;0.715
1404;1405;0.375
1406;1407;0.727
1408;1409;1.927
1410;1411;0.576
1412;1413;0.371
1415;1416;0.455
1417;1418;3.399
1419;1420;1.038
1421;1422;1.105
1423;1424;0.822
1425;1426;0.384
1427;500;1.581
1395;1427;18.804
1428;1394;6.221
1397;1430;26.777
1429;1431;27.494
1432;1396;19.317
1433;1432;24.706
1434;1433;0.417
1435;1434;15.934
1436;1435;1.542
1437;1436;3.634
1435;1437;16.696
1436;1438;22.535
1439;1440;28.291
1439;1438;4.193
1438;1441;7.580
1441;1437;1.573
1442;1443;16.166
1431;1444;79.655
1445;1446;29.866
1443;1447;21.087
1448;1449;11.992
1449;1443;24.138
1450;1451;5.943
1452;1453;57.375
1453;1445;15.019
1449;1454;20.914
1447;1454;23.112
1455;1450;16.631
1447;1456;31.670
1456;1453;14.104
1454;1457;6.421
1458;1455;9.496
1399;1441;10.683
1459;1445;42.250
1456;1460;15.479
1461;1459;3.758
1462;1459;4.865
1460;1463;11.326
1464;1462;5.617
1461;1464;4.341
1465;1460;12.239
1465;1462;5.987
1466;1467;120.339
1467;1439;25.406
1444;1468;12.379
1468;1469;0.214
1469;1410;0.136
1470;1467;0.919
1398;1471;0.330
1472;1465;6.541
1472;1464;7.056
1471;1473;0.797
1474;1472;3.158
1475;1461;19.112
1475;1470;3.119
1475;1476;4.324
1477;1474;7.182
1476;1477;4.614
1478;1458;71.506
1479;1478;2.877
1460;1479;22.806
1474;1479;9.150
1473;1480;1.735
1476;1481;5.523
1482;1475;9.546
1479;1483;8.008
1477;1483;13.559
1483;1484;5.248
1482;1485;33.130
1484;1486;9.873
1486;1482;15.923
1487;1486;6.646
1484;1488;15.071
1488;1489;7.326
1490;1491;37.129
1486;1492;5.527
1489;1490;32.418
1489;1493;2.380
1488;1494;3.643
1411;1495;16.667
1494;1496;14.526
1496;1492;5.596
1486;1497;12.995
1497;1498;2.975
1498;1499;4.130
1493;1500;10.284
1492;1501;6.456
1497;1501;5.571
1494;1502;5.961
1500;1503;2.961
1502;1504;10.058
1496;1504;6.995
1503;1505;11.885
1493;1505;8.989
1505;1506;9.612
1502;1506;2.779
1500;1507;17.203
1504;1508;9.240
1501;1508;7.260
1506;1509;20.053
1508;1509;5.549
1510;1498;16.504
1480;1510;54.274
1511;1510;3.520
1495;1412;4.452
1509;1511;11.490
1506;1512;14.327
1512;1513;5.400
1509;1514;8.363
1514;1511;15.993
1512;1515;4.163
1514;1515;15.812
1515;1516;5.021
1514;1517;7.255
1518;1516;4.567
1503;1519;28.150
1516;1519;15.806
1520;1517;5.360
1517;1521;13.189
1514;1522;21.139
1523;1522;4.257
1480;1524;15.464
1525;1519;16.973
1521;1526;9.035
1522;1526;9.767
1526;1527;5.989
1521;1528;23.032
1413;1529;9.971
1530;1525;37.144
1528;1530;38.813
1529;1531;6.435
1532;1533;3.840
1532;1534;7.841
1531;1534;12.215
1534;1535;1.026
1532;1536;10.498
1535;1537;2.191
1538;1537;8.243
1537;1539;4.107
1539;1540;2.948
1541;1542;2.631
1539;1543;1.011
1543;1541;4.906
1543;1544;1.600
1544;1545;5.543
1545;1541;5.673
1546;1547;1.898
1547;1548;2.997
1545;1549;6.749
1535;1549;30.327
1548;1550;1.748
1551;1552;32.407
1552;1544;10.999
1549;1553;3.334
1553;1546;9.371
1554;1553;9.145
1544;1555;3.551
1555;1554;2.828
1554;1556;4.571
1553;1557;9.349
1558;1557;7.806
1555;1559;2.914
1559;1558;4.428
1560;1561;1.099
1562;1560;2.480
1561;1378;3.114
1379;1559;6.216
1563;1558;5.036
1563;1564;4.188
1557;1565;8.399
1559;1566;2.942
1566;1563;4.928
1567;1563;4.428
1566;1568;5.690
1568;1569;9.319
1524;1570;45.939
1570;1571;12.275
1569;1572;13.999
1571;1573;4.793
1574;1571;6.289
1575;1576;47.929
1577;1576;58.178
1578;1575;12.897
1578;1579;28.314
1573;1580;13.572
1581;1575;13.742
1582;1574;9.629
1573;1582;4.544
1582;1580;3.949
1583;1577;9.099
1584;1582;4.804
1585;1574;5.016
1585;1582;5.768
1583;1586;10.838
1587;1586;12.802
1381;1588;13.234
1582;1589;2.766
1584;1589;8.238
1590;1578;18.627
1590;1380;3.682
1375;1585;0.993
1589;1591;0.168
1592;1586;21.771
1592;1578;37.565
1592;1593;12.197
1593;1590;28.368
1377;1374;3.065
1591;1376;0.510
1594;1584;22.741
1580;1594;24.773
1593;1595;8.614
1596;1595;12.367
1597;1583;34.842
1592;1598;22.708
1572;1599;16.146
1595;1600;7.963
1599;1601;0.294
1602;1598;4.429
1603;1597;6.519
1598;1603;13.829
1603;1604;14.736
1605;1594;8.268
1601;1606;36.848
1606;1607;11.866
1393;1605;31.622
1607;1608;33.209
1608;1609;70.875
1610;1608;4.158
1611;1610;0.837
1610;1612;10.729
1613;1611;3.381
1614;1613;2.878
1615;1616;10.862
1617;1618;12.235
1619;1618;3.722
1617;1619;7.600
1620;1614;3.331
1620;1617;6.878
1601;1621;29.215
1611;1622;18.308
1618;1623;5.644
1623;1615;17.665
1623;1624;10.098
1625;1620;2.527
1614;1626;8.811
1626;1620;9.085
1627;1612;17.270
1627;1622;6.849
1628;1625;2.349
1628;1619;7.103
1624;1629;8.118
1629;1615;12.091
1625;1630;4.786
1631;1628;0.994
1624;1629;12.473
1613;1632;21.127
1626;1632;5.848
1633;1631;1.935
1633;1623;9.334
1612;1634;30.738
1634;1627;14.267
1635;1633;1.544
1636;1634;5.560
1615;1637;21.028
1632;1638;4.511
1639;1635;5.461
1640;1631;8.550
1641;1635;6.326
1629;1641;10.012
1622;1642;21.409
1638;1642;5.949
1392;1643;5.562
1643;1644;0.383
1634;1627;37.161
1641;1645;4.095
1643;1646;1.508
1638;1647;13.602
1646;1648;4.033
1646;1649;2.329
1644;1649;13.202
1648;1650;7.885
1649;1650;0.966
1642;1384;36.794
1651;1652;2.322
1650;1653;6.436
1654;1655;14.505
1654;1651;18.879
1656;1654;1.878
1653;1657;14.776
1657;1415;0.324
1653;1658;4.597
1658;1657;2.704
1658;1659;1.545
1657;1659;5.100
1660;1656;26.689
1661;1658;19.896
1659;1661;3.915
1662;1660;30.414
1662;1660;13.510
1416;1663;41.703
1663;1664;37.836
1665;1666;9.378
1667;1662;49.931
1667;1665;13.074
1668;1669;4.740
1668;1667;15.339
1664;1670;19.427
1670;1668;17.024
1667;1671;5.555
1671;1672;2.802
1665;1672;10.124
1666;1673;10.858
1672;1674;9.206
1674;1675;2.431
1666;1675;12.555
1671;1676;7.092
1675;1677;5.820
1673;1677;6.208
1676;1678;6.898
1674;1679;6.066
1678;1680;1.985
1680;1679;2.876
1681;1648;84.973
1676;1682;18.836
1676;1683;8.593
1683;1678;4.212
1677;1684;14.767
1684;1685;0.525
1679;1686;4.276
1683;1680;12.107
1377;1687;113.488
1661;1688;28.129
1688;1689;1.036
1685;1690;59.750
1691;1681;50.673
1621;1692;85.471
1693;1691;12.255
1689;1694;37.053
1690;1695;29.297
1695;1696;3.687
1697;1698;10.828
1696;1699;9.030
1699;1698;4.412
1698;1700;2.862
1701;1699;3.305
1702;1701;3.308
1696;1703;16.597
1704;1692;47.860
1700;1705;7.235
1706;1704;3.207
1701;1707;10.045
1707;1705;5.851
1705;1708;3.700
1709;1710;15.786
1710;1707;3.214
1708;1706;22.891
1711;1710;3.171
1710;1711;10.897
1711;1708;17.341
1692;1712;17.958
1711;1713;14.471
1687;1406;55.219
1407;1714;1.376
1714;1715;1.439
1716;1717;5.599
1712;1718;14.437
1717;1719;14.126
1719;1716;7.146
1720;1719;2.409
1721;1720;15.939
1722;1723;5.076
1724;1725;4.240
1724;1721;1.383
1726;1386;17.584
1726;1724;3.557
1387;1723;8.425
1727;1720;33.021
1728;1721;22.827
1727;1728;9.063
1729;1727;6.484
1730;1726;16.688
1728;1730;5.407
1731;1730;1.826
1731;1732;6.287
1733;1731;3.073
1734;1733;10.259
1735;1722;24.783
1694;1736;40.975
1737;1735;48.253
1736;1738;1.173
1738;1739;0.855
1740;1741;0.358
1742;1743;12.818
1744;1742;1.848
1742;1740;29.859
1745;1746;6.451
1745;1744;5.717
1747;1745;3.357
1738;1748;21.725
1748;1747;3.203
1749;1748;10.860
1739;1750;6.477
1750;1749;9.764
1747;1751;8.788
1752;1693;72.064
1749;1753;10.886
1753;1751;4.709
1751;1754;3.596
1745;1754;10.715
1744;1754;14.096
1754;1755;3.691
1741;1756;16.364
1755;1757;5.806
1757;1758;10.903
1750;1759;3.494
1757;1760;7.502
1754;1761;7.688
1753;1762;8.884
1762;1761;3.101
1759;1763;16.212
1763;1762;9.449
1755;1764;6.053
1765;1737;81.582
1766;1767;9.467
1768;1766;11.264
1769;1768;2.618
1759;1770;9.614
1763;1770;39.252
1771;1768;9.565
1771;1766;11.351
1772;1752;17.593
1773;1771;7.885
1772;1773;1.322
1772;1774;11.860
1774;1775;4.957
1773;1776;8.867
1776;1774;9.657
1775;1777;6.521
1777;1778;24.832
1779;1773;4.378
1775;1780;6.494
1781;1779;5.939
1776;1781;6.965
1779;1782;2.305
1777;1783;9.330
1782;1784;2.208
1782;1785;5.158
1781;1786;5.611
1784;1787;7.997
1786;1788;9.582
1718;1789;40.106
1784;1790;28.698
1781;1790;36.069
1789;1765;56.643
1770;1791;15.000
1756;1792;34.718
1715;1793;64.500
1792;1794;22.348
1794;1795;1.314
1789;1796;17.645
1797;1798;7.701
1798;1799;5.112
1798;1799;17.135
1799;1800;3.891
1795;1417;9.521
1801;1800;16.370
1802;1801;28.256
1801;1803;3.328
1418;1804;3.393
1805;1806;3.993
1800;1805;18.821
1805;1801;11.301
1805;1807;5.306
1803;1808;6.644
1808;1809;3.126
1810;1805;10.722
1803;1810;8.966
1810;1811;5.254
1811;1808;6.071
1808;1812;6.964
1793;1408;18.334
1807;1813;26.340
1804;1814;5.765
1807;1815;11.410
1810;1815;7.420
1814;1813;9.384
1811;1816;5.184
1815;1817;11.428
1816;1817;3.741
1817;1818;4.628
1791;1819;25.623
1819;1820;5.125
1821;1822;23.628
1822;1823;9.751
1820;1824;0.295
1822;1825;16.925
1826;1822;9.243
1796;1827;20.886
1828;1826;4.116
1824;1829;1.678
1830;1831;2.829
1829;1830;5.008
1832;1828;4.702
1829;1833;1.224
1830;1833;5.800
1826;1834;11.654
1831;1835;31.726
1835;1828;23.545
1833;1836;2.752
1837;1835;6.227
1835;1388;17.169
1838;1837;10.009
1836;1400;8.364
1827;1839;21.415
1409;322;72.120
1839;1840;45.368
1840;1841;1.114
1841;1842;2.062
1840;1842;4.045
1842;1843;1.403
1841;1844;1.148
1843;1844;4.818
1843;1845;4.212
1401;1846;64.666
1846;1847;0.991
1845;1848;49.770
1849;1850;13.612
1851;1849;8.291
1848;1851;107.143
1850;1852;27.942
1847;1853;27.536
1854;1855;9.966
1856;1857;9.514
1857;1858;10.340
1859;1854;17.064
1858;1860;4.288
1861;1859;4.276
1862;1861;3.977
1863;1862;2.072
1857;1864;24.353
1864;1863;1.493
1859;1865;7.118
1860;1866;8.705
1860;1867;8.901
1867;1866;3.862
1868;1858;13.510
1867;1869;1.098
1865;1870;14.779
1870;1854;28.636
1868;1869;6.758
1864;1871;11.355
1872;1861;13.445
1865;1872;8.360
1869;1873;5.309
1866;1873;6.898
1874;1868;4.769
1873;1874;9.060
1873;1875;4.760
1866;1875;8.147
1876;1870;8.929
1391;1872;5.251
1871;1877;8.011
1875;1878;4.367
1864;1879;19.923
1871;1879;7.573
1880;1874;6.770
1878;1881;3.422
1878;1882;2.106
1879;1882;7.236
1877;1883;4.498
1877;1884;8.264
1884;1885;3.049
1886;1390;13.813
1390;1876;6.612
1876;1886;12.200
1882;1887;7.559
1888;1887;4.047
1879;1888;10.117
1873;1889;16.237
1887;1889;7.818
1884;1888;17.350
1886;1890;7.829
1885;1891;10.485
1844;1892;45.568
1852;1893;29.845
1420;1889;18.802
1893;1419;5.955
1892;1894;1.933
1890;1421;2.918
1894;1895;2.975
1892;1895;6.744
1895;1896;2.354
1894;1897;1.481
1896;1897;7.589
1898;1894;10.402
1897;1898;1.742
1898;1899;1.967
1853;1402;26.212
1896;1900;9.959
1403;1901;2.276
1901;1902;4.256
1899;1903;9.661
1903;1904;1.007
1905;1906;3.621
1902;1906;3.719
1907;1908;1.090
1906;1909;0.556
1910;1911;24.480
1910;1900;11.820
1912;1910;1.745
1909;1913;4.026
1909;1914;4.298
1913;1914;7.836
1915;1907;19.372
1906;1916;11.436
1902;1916;14.779
1917;1918;7.658
1912;1918;29.982
1919;1915;2.714
1920;1912;2.045
1920;1915;9.534
1921;1920;1.442
1919;1921;9.620
1922;1913;8.603
1916;1922;9.285
1923;1905;12.633
1914;1923;4.199
1908;1924;16.548
1925;1919;6.046
1925;1924;13.819
1926;1914;10.550
1927;1921;2.338
1928;1925;6.619
1383;1929;38.364
1923;1929;4.935
1922;1930;17.745
1930;1931;16.006
1931;1932;3.600
1933;1929;5.554
1933;1926;13.563
1929;1934;1.804
1918;1935;30.946
1921;1935;21.025
1928;1936;17.252
1924;1936;16.546
1937;1927;5.102
1938;1382;20.608
1934;1938;3.061
1927;1939;15.594
1940;1933;17.019
1940;1926;15.417
1941;1928;12.032
1936;1941;3.519
1942;1939;2.997
1934;1943;6.434
1944;1943;7.010
1945;1944;4.913
1946;1945;3.884
1935;1947;6.591
1947;1942;4.149
1948;1930;21.705
1939;1949;3.546
1949;1937;5.381
1945;1944;6.812
1950;1946;9.839
1950;1940;4.038
1943;1951;4.498
1952;1937;2.747
1941;1952;7.152
1949;1942;10.211
1952;1953;1.527
1936;1954;10.687
1953;1954;10.185
1953;1955;0.694
1956;1949;10.047
1955;1956;1.803
1957;1938;12.009
1943;1957;10.917
1958;1950;8.630
1959;1958;7.673
1960;1958;4.830
1932;1961;38.458
1947;1962;15.915
1956;1962;11.824
1955;1963;2.909
1963;1964;3.199
1965;1931;40.367
1957;1966;6.802
1967;1946;17.736
1966;1968;3.257
1965;1961;51.070
1969;1967;12.107
1958;1969;6.352
1958;1970;10.769
1970;1965;8.030
1970;1969;10.746
1967;1971;5.614
1963;1972;1.416
1973;1972;3.514
1974;1972;0.762
1962;1975;14.486
1971;1976;6.196
1904;1977;12.171
1978;1974;4.499
1966;1979;6.708
1976;1979;7.111
1969;1980;6.816
1938;1981;14.718
1971;1982;8.405
1980;1982;10.307
1962;1983;11.166
1979;1984;3.794
1954;1985;18.098
1977;1986;0.876
1983;1987;13.310
1974;1987;2.152
1979;1981;34.827
1982;1988;4.991
1980;1989;5.243
1987;1990;1.659
1985;1990;5.287
1987;1991;4.477
1984;1992;5.066
1976;1993;9.374
1988;1993;6.075
1994;1992;7.313
1984;1994;7.541
1981;1995;2.232
1992;1996;15.271
1993;1994;7.359
1996;1997;13.685
1997;1995;7.122
1985;1998;9.899
1999;1998;10.207
1990;2000;2.432
1988;2001;20.835
1983;2000;23.940
1995;1404;3.798
2000;2002;12.292
1998;2002;11.471
2000;2003;4.644
2002;2003;4.514
1405;2004;5.894
1986;2005;11.280
2003;2006;10.727
2005;2007;0.919
2006;2008;5.676
2007;2009;4.830
2008;2010;1.624
2009;2010;8.431
2009;2011;2.052
2010;2011;5.013
2011;2012;1.036
2012;2010;6.176
2004;2013;10.635
1422;1423;66.159
2011;2014;13.773
2012;2014;3.163
1424;1425;0.781
1426;2015;3.861
2016;2015;3.407
2017;2018;1.101
2014;2019;4.057
2008;2019;12.157
2020;2016;8.112
2018;2020;6.646
2021;2020;2.859
2022;2021;4.393
2020;2023;27.928
2023;2022;10.496
2024;2023;20.626
2025;2021;5.234
2026;2022;10.700
2027;2025;5.325
2025;2028;10.062
2023;2029;11.719
2029;2030;4.868
2028;2031;14.124
2032;2033;16.503
2029;2033;7.322
2033;2034;6.922
2033;2035;8.091
2019;2036;37.425
2013;2037;79.578
2036;2038;31.205
2038;2039;0.355
2039;2040;5.874
2040;2041;18.835
2041;2042;0.685
2042;2043;33.242
2037;2044;68.463
2044;2045;5.890
2043;2046;12.280
2045;2047;4.646
2046;1414;3.009
2047;2048;77.193
550;548;44.592
559;563;15.662
563;565;23.352
102;98;333.372
1588;1594;50.064
501;1430;35.245
1430;498;24.720
420;2013;370.336
1;0;6.948
0;2;5.022
2;3;0.689
3;4;18.158
4;5;14.156
7;6;0.981
9;8;1.050
12;11;0.805
14;13;1.415
17;16;2.128
18;17;31.279
11;18;0.738
19;12;68.849
20;19;2.366
21;20;5.923
22;21;3.275
23;22;1.626
23;24;15.010
25;23;0.514
26;21;6.365
27;22;3.593
28;25;2.489
28;29;5.745
30;28;2.075
30;31;8.819
31;25;15.334
32;30;4.182
33;32;10.678
8;32;2.001
34;33;6.181
35;9;3.993
36;35;6.413
37;35;0.203
38;37;7.203
39;38;0.679
13;39;10.144
40;14;0.332
41;40;27.840
43;42;8.841
45;44;14.230
46;43;47.956
47;46;0.682
48;47;1.659
46;49;29.253
48;49;18.271
50;45;49.128
49;50;13.278
52;51;6.661
50;52;2.513
52;53;3.363
53;54;3.163
54;55;2.987
56;53;8.238
57;56;5.997
6;48;9.095
54;58;7.199
59;55;8.177
60;56;10.217
57;61;7.727
60;61;3.982
61;62;1.493
58;63;9.141
63;60;0.876
64;58;4.735
65;64;8.295
65;63;1.314
55;66;16.681
64;66;12.562
67;57;15.477
67;7;2.712
68;65;3.191
66;69;3.544
69;70;29.681
71;67;13.855
72;71;2.010
73;72;50.826
74;73;13.873
75;73;33.470
10;75;22.962
15;74;67.319
77;76;0.718
79;78;23.682
78;80;0.698
81;79;80.630
76;81;33.516
83;82;3.512
82;84;5.297
82;85;10.470
86;84;4.754
87;86;6.005
88;87;12.897
84;88;11.033
89;88;20.374
90;77;68.609
86;90;13.393
91;88;22.693
87;92;29.996
93;90;17.921
94;93;52.051
95;94;29.695
96;95;63.217
97;96;10.508
98;97;34.434
100;99;2.520
99;98;43.896
101;100;37.279
104;103;3.801
105;104;76.580
107;106;0.322
110;109;4.415
109;107;9.926
106;108;68.272
103;110;55.969
112;111;19.689
111;113;7.374
113;114;30.603
116;115;14.231
115;117;7.052
118;117;20.828
119;117;11.670
114;119;46.446
120;115;18.983
121;119;19.714
123;122;1.175
125;124;1.608
127;126;1.070
129;128;30.205
130;129;11.115
131;130;26.515
132;131;21.522
133;132;12.867
134;133;28.029
135;134;2.979
136;135;2.411
137;136;1.046
138;137;13.652
140;139;5.189
139;137;1.736
136;141;21.418
143;142;3.874
142;139;3.315
141;144;3.655
145;141;4.918
146;144;2.286
147;146;3.296
147;145;2.119
145;148;7.546
149;148;1.028
150;146;3.847
151;147;2.178
152;142;3.409
144;152;11.751
148;153;17.061
153;154;1.725
155;152;0.888
156;151;8.168
157;151;12.667
158;155;1.109
157;155;7.888
159;158;14.622
160;159;2.419
161;156;6.312
161;153;16.117
154;162;11.115
162;163;3.693
164;158;2.867
163;165;1.407
166;159;11.060
167;157;11.111
166;164;10.048
156;168;14.551
169;168;5.772
169;161;8.098
168;167;5.899
170;164;0.815
170;167;8.260
171;165;5.795
172;165;7.559
173;169;4.160
165;174;6.051
175;173;3.140
176;170;2.000
176;177;18.572
173;177;3.085
178;174;6.739
174;179;4.292
181;180;4.989
180;166;9.601
182;178;3.529
183;179;3.486
184;178;4.617
185;180;5.981
185;186;8.284
186;176;2.609
179;187;8.642
177;188;7.799
187;188;16.005
189;186;1.370
189;190;4.534
191;190;3.314
192;189;1.119
193;192;3.809
190;193;2.579
188;194;5.827
194;195;2.115
195;193;9.071
194;196;3.493
188;196;8.851
197;192;1.657
198;185;13.687
199;195;6.303
196;200;8.195
187;200;17.015
201;197;2.784
201;199;8.916
202;199;14.240
200;202;7.011
203;201;3.376
204;203;8.798
205;204;12.961
206;205;13.520
207;127;4.317
207;206;3.704
126;208;11.136
208;209;5.771
209;210;4.733
212;211;26.578
210;213;91.307
213;214;2.040
214;215;1.432
215;212;21.458
211;216;35.546
218;217;7.900
218;216;2.538
220;219;3.460
217;221;16.034
221;222;2.532
223;221;3.017
224;217;5.926
224;218;1.988
222;225;1.699
226;225;8.084
219;227;10.924
227;219;6.719
225;228;2.882
229;222;8.989
229;224;2.648
230;228;3.069
227;231;5.045
226;231;6.010
227;232;5.744
231;232;7.510
231;233;9.180
228;233;6.619
233;234;2.525
234;235;0.769
235;229;3.821
232;236;9.977
236;231;10.141
236;237;6.076
237;234;4.623
237;238;1.284
238;239;1.666
240;238;3.767
239;241;3.302
240;239;7.127
242;241;2.127
243;240;7.310
241;244;10.878
244;245;1.935
246;244;6.815
247;207;107.670
248;247;69.143
249;248;34.404
250;249;12.141
250;123;1.005
122;251;8.530
251;252;16.946
252;253;0.464
254;250;62.386
255;254;4.519
257;256;0.726
258;257;1.345
260;259;5.863
256;259;3.617
259;261;0.422
124;258;14.869
263;262;12.476
264;262;12.178
261;265;1.242
253;266;109.834
266;125;3.773
262;267;11.026
265;267;0.934
269;268;31.267
261;270;9.325
270;257;12.089
263;271;3.998
267;272;1.331
271;273;5.360
272;274;0.636
270;275;3.330
276;262;9.085
274;276;0.243
277;265;8.705
275;277;1.904
278;271;4.907
273;279;8.815
276;279;0.870
272;280;9.110
280;277;3.355
281;275;5.276
279;282;2.127
283;273;6.674
282;284;0.410
284;283;0.993
283;285;2.246
286;274;8.976
280;286;5.640
285;269;9.524
287;282;11.540
287;286;1.652
284;285;17.560
287;288;5.954
288;289;9.648
289;280;15.302
268;290;8.592
290;291;10.017
292;291;7.600
293;294;5.480
295;293;3.469
291;294;9.268
297;296;3.829
295;296;1.512
299;298;1.227
297;299;14.690
301;300;13.613
298;301;2.051
296;302;5.519
294;302;5.872
301;303;3.699
303;298;4.571
302;304;3.042
304;305;1.624
303;306;4.313
305;307;7.765
307;308;1.259
305;308;4.130
306;307;10.518
309;306;5.176
310;304;11.210
311;309;1.185
308;312;6.820
310;312;16.108
314;313;10.581
313;309;10.945
316;315;0.304
318;317;1.073
320;319;1.170
321;255;15.851
323;322;82.073
324;321;3.910
325;323;2.221
326;325;0.659
327;324;6.027
328;326;6.701
329;328;2.495
330;329;8.521
331;327;20.271
332;331;3.339
334;330;6.952
336;334;1.301
336;337;0.701
338;337;1.215
339;338;2.846
340;339;2.268
341;340;14.762
342;341;45.003
346;345;4.601
345;347;4.846
350;351;1.436
351;318;4.452
317;353;4.794
353;354;10.172
356;355;6.082
355;357;14.955
354;358;10.625
359;357;5.093
360;355;26.416
360;359;3.436
357;361;4.572
362;361;8.016
361;363;6.845
364;363;3.068
358;365;1.183
365;360;3.433
363;366;7.264
367;359;8.202
366;367;5.675
369;368;21.444
367;370;1.694
371;368;5.373
365;372;2.639
372;370;5.549
374;373;3.817
373;371;2.283
376;375;1.186
377;373;3.923
379;378;4.274
378;377;2.041
372;380;0.585
382;381;8.684
383;381;6.052
384;378;2.457
375;385;5.831
381;385;1.881
386;375;6.329
385;387;1.438
387;384;9.934
389;388;2.666
389;366;11.666
370;390;11.121
389;390;2.114
391;389;2.846
368;392;12.267
393;380;12.792
390;393;3.421
395;394;2.072
394;396;5.106
396;387;7.372
397;384;11.566
398;394;16.258
398;399;3.057
400;371;17.530
401;400;1.742
380;401;6.053
402;397;5.507
400;402;2.257
398;403;3.306
403;396;9.342
404;397;9.045
405;404;1.526
406;396;7.570
405;406;9.008
407;405;1.181
408;406;4.853
409;404;6.717
409;402;5.872
410;393;13.403
411;410;0.768
412;411;9.471
403;413;5.381
413;408;4.012
414;407;3.802
415;413;4.159
414;407;12.995
416;406;8.710
409;417;5.468
401;417;4.088
410;418;14.762
418;417;9.351
417;419;1.193
421;420;9.495
422;414;5.512
420;411;35.601
423;422;0.699
419;423;0.727
419;424;3.163
408;425;11.714
422;425;15.993
423;426;3.455
427;424;5.624
426;428;0.458
428;429;0.332
425;430;6.232
426;430;4.779
430;431;1.593
429;431;0.896
425;432;13.029
433;432;13.238
434;429;7.740
424;434;12.849
432;435;6.409
430;435;13.335
435;436;1.280
431;436;5.028
432;437;12.191
438;437;6.064
434;439;8.872
441;440;3.153
437;442;7.915
437;443;6.347
435;443;11.854
439;444;3.836
443;445;1.137
436;445;4.420
439;446;4.242
440;446;5.437
444;447;4.772
448;440;6.542
449;444;3.990
446;450;3.761
447;451;5.262
451;447;8.563
452;450;4.926
443;453;15.440
454;452;4.139
451;455;4.923
450;456;11.360
457;456;4.751
458;457;3.745
455;459;6.245
459;452;16.347
460;458;1.304
461;460;2.888
462;460;1.049
463;462;2.066
464;463;3.875
465;463;7.321
459;466;5.049
467;466;4.124
468;458;3.773
457;469;6.156
445;470;13.705
471;462;6.942
471;472;4.191
473;471;5.008
466;474;16.473
456;474;12.162
476;475;3.033
475;473;2.744
474;475;5.637
473;477;9.953
477;478;1.539
479;477;4.106
480;479;3.022
475;479;14.684
470;481;4.104
481;482;6.000
482;483;6.973
352;316;63.006
483;320;29.862
315;484;16.812
319;485;19.357
484;487;3.405
487;490;5.385
490;491;29.538
496;499;8.262
499;500;3.464
502;41;31.155
503;502;1.971
504;503;15.507
508;507;3.214
509;508;8.018
505;509;51.739
508;510;9.389
511;509;9.469
506;511;37.992
512;510;7.122
509;512;11.078
512;513;6.039
511;513;13.548
510;514;15.731
515;514;7.741
513;515;8.024
517;516;6.996
519;518;0.828
521;520;1.345
523;522;1.807
525;524;0.830
526;517;0.862
528;527;1.169
530;529;0.825
532;531;0.584
80;533;1.640
535;534;6.409
518;535;15.146
533;519;16.915
537;536;18.570
539;538;7.682
538;540;4.572
542;541;8.743
543;542;24.042
544;543;29.641
545;544;9.047
546;545;6.596
520;546;0.728
522;521;28.844
524;523;36.555
547;525;37.825
548;547;13.671
550;549;7.882
551;548;7.679
550;552;10.761
552;553;3.216
552;554;3.630
554;555;1.570
555;556;7.306
556;555;13.995
556;557;9.398
557;554;38.494
557;558;23.849
558;559;5.011
560;558;44.040
561;560;7.237
562;560;6.563
563;562;37.445
562;564;27.847
565;551;23.835
566;565;6.352
567;566;2.283
568;567;0.661
569;568;18.735
516;569;10.581
570;526;55.603
571;570;1.525
573;572;7.934
574;573;26.707
575;571;11.870
576;574;5.054
576;577;7.814
579;578;9.648
578;575;5.973
580;575;3.582
578;580;5.988
581;578;3.180
582;580;0.884
582;576;9.399
583;582;1.471
584;583;20.725
585;584;1.276
586;583;2.587
587;586;2.224
587;586;15.435
588;587;0.549
589;588;21.435
590;588;8.239
590;591;13.377
592;589;8.815
593;590;4.121
594;589;14.077
594;593;7.097
595;594;5.900
595;596;8.957
596;597;2.923
598;595;10.633
599;598;5.772
599;596;6.600
597;599;10.190
600;593;11.007
600;597;18.019
601;600;4.150
602;601;1.595
603;602;7.551
527;530;38.113
531;528;22.855
604;532;2.022
16;604;4.677
605;603;20.792
529;602;67.725
606;605;5.361
607;606;57.430
42;607;5.117
609;608;1.021
611;610;1.246
613;612;0.724
615;614;2.114
616;615;3.906
617;616;32.846
608;617;39.714
619;618;5.910
610;619;2.846
618;620;9.388
622;621;10.289
624;623;6.566
625;621;7.012
621;626;10.821
626;627;1.813
628;624;1.556
628;626;11.299
630;629;2.899
627;630;4.098
624;631;5.642
632;609;47.447
626;633;5.458
634;611;6.122
635;630;2.782
636;635;15.391
637;628;3.561
633;637;5.522
638;627;4.644
635;638;4.374
620;639;7.575
640;633;4.896
638;640;4.948
639;641;1.587
642;637;6.461
640;642;4.841
642;643;2.701
641;644;0.994
631;645;10.671
643;645;5.186
647;646;5.766
645;647;3.919
631;648;21.306
647;649;5.766
651;650;2.434
649;652;1.105
651;653;8.484
653;641;25.476
644;654;2.020
655;647;5.112
655;643;10.564
656;654;38.774
657;651;7.089
650;657;3.732
658;634;3.567
657;659;1.768
660;649;6.721
660;655;3.480
659;650;6.627
661;632;3.871
612;658;0.587
662;652;9.063
662;660;3.476
659;663;6.138
652;664;11.208
664;665;2.630
666;665;2.416
664;667;4.445
665;667;4.920
668;662;7.905
668;653;31.349
669;668;5.732
654;670;5.181
669;671;4.771
667;672;13.149
672;669;12.232
671;673;2.521
674;672;1.781
675;671;5.976
676;674;4.830
677;674;3.900
678;613;8.176
679;678;6.112
680;491;19.429
681;679;3.718
682;681;1.796
682;680;1.979
683;682;1.484
684;682;1.907
686;683;4.216
687;661;32.966
670;688;32.429
690;689;4.021
692;691;2.348
694;693;0.580
696;695;1.004
699;698;0.871
698;700;7.784
700;701;18.414
702;699;83.335
703;702;2.213
701;696;24.985
704;703;11.181
695;705;3.453
705;706;3.568
706;707;3.119
707;708;6.190
708;707;8.370
709;708;5.673
709;710;3.120
711;710;0.820
713;712;2.511
706;712;4.462
712;709;12.013
713;714;2.236
710;715;6.309
716;713;15.464
715;717;3.817
718;712;10.991
715;718;10.251
719;717;5.099
712;720;5.020
720;716;14.697
718;721;6.982
717;721;11.880
722;720;17.837
721;722;8.215
723;704;12.562
724;723;0.533
720;725;5.546
727;726;20.623
722;725;22.628
725;728;1.547
729;721;29.352
730;724;4.634
730;727;8.619
731;730;2.372
733;732;1.513
732;690;1.016
734;731;1.332
734;735;3.952
724;736;26.213
731;736;7.336
737;734;2.836
689;738;2.870
739;737;0.950
740;727;32.674
738;740;2.541
741;739;0.819
741;742;11.744
740;742;2.164
743;741;2.982
736;744;6.000
737;744;11.759
745;739;4.139
746;742;5.914
746;738;5.079
747;737;10.231
748;747;7.934
748;747;1.894
744;749;7.227
749;748;6.583
750;743;13.092
751;750;6.264
752;746;12.601
752;753;3.805
753;751;5.662
754;752;3.237
755;743;18.915
755;750;7.915
756;751;6.425
753;756;3.669
756;757;1.516
758;755;6.587
759;754;6.488
760;759;4.241
761;754;15.642
762;760;1.802
763;761;7.880
764;759;8.154
764;761;8.985
765;764;1.830
766;763;4.734
760;765;13.801
767;763;5.070
768;765;9.818
728;769;45.995
769;770;66.869
770;697;6.643
773;772;14.077
775;774;10.520
776;775;3.157
778;777;14.716
775;778;7.452
780;779;15.810
779;781;11.545
782;781;9.276
783;779;1.420
783;780;15.182
773;784;6.405
778;784;5.684
784;785;1.744
784;773;21.045
786;775;14.985
787;782;9.416
788;784;8.504
788;786;1.293
789;782;8.557
787;789;6.683
790;783;12.660
790;789;3.172
791;787;6.415
792;791;3.195
785;792;11.467
793;780;22.696
794;792;5.600
785;794;10.861
796;795;9.579
793;796;2.987
797;791;3.687
794;797;7.636
798;793;3.230
799;794;5.049
800;790;11.765
797;800;5.451
801;798;3.007
800;802;4.251
802;801;6.737
803;798;3.639
804;801;3.129
805;802;2.576
806;796;6.826
805;807;4.043
797;807;7.719
804;808;2.008
808;809;4.444
810;794;10.616
807;811;10.974
811;812;1.272
813;804;13.235
813;805;9.906
814;808;14.983
814;813;2.639
815;814;3.382
771;691;46.532
693;692;7.264
772;816;84.395
817;694;4.109
819;817;1.987
820;819;1.672
820;821;14.731
822;821;2.394
821;823;5.261
823;824;11.692
823;824;4.584
824;825;4.804
827;826;3.525
828;824;8.947
830;829;13.290
831;826;6.699
831;825;4.992
830;832;4.533
825;833;8.435
834;830;4.750
826;834;8.041
835;831;4.218
833;835;4.132
836;832;5.832
837;834;4.037
832;838;9.026
839;837;7.227
839;835;4.374
837;840;3.113
841;837;4.673
841;839;2.373
842;838;4.000
842;840;5.945
843;841;1.162
844;835;7.025
840;845;4.274
845;843;2.460
847;846;1.696
847;820;17.928
843;848;3.419
848;844;5.882
849;838;12.543
850;842;6.374
850;845;3.674
851;849;2.985
852;850;4.077
848;852;7.489
851;849;7.315
853;851;3.199
853;850;4.555
854;853;4.423
854;852;2.907
855;833;21.236
856;855;4.741
857;854;11.924
857;844;11.101
855;857;11.699
858;856;8.774
859;858;2.190
859;847;4.536
859;860;6.970
862;861;5.690
863;862;2.604
863;853;10.296
861;864;4.589
865;854;5.368
866;862;2.073
866;863;2.563
857;867;4.558
861;868;4.018
869;859;10.500
870;859;3.581
871;870;2.303
871;869;7.200
872;859;8.162
873;872;1.357
874;869;7.720
872;874;9.821
875;873;0.340
876;866;17.004
816;875;42.526
874;877;5.347
878;874;5.906
873;878;7.617
879;871;12.805
880;878;6.947
878;881;11.320
882;870;9.190
883;882;12.519
884;883;10.510
885;884;6.546
887;886;6.752
888;887;3.043
889;885;35.913
890;888;10.535
886;889;22.967
891;890;31.283
892;891;8.315
893;892;17.177
894;893;41.081
614;894;30.766
896;895;0.889
898;897;0.687
900;899;0.483
902;901;0.556
904;903;0.744
906;905;0.875
908;907;0.349
910;909;0.559
912;911;0.530
915;913;14.180
916;914;8.059
897;916;12.573
899;898;5.397
901;900;2.806
917;902;2.098
903;917;0.479
918;904;3.352
918;919;10.826
919;920;2.556
920;921;6.257
922;918;15.545
923;922;0.312
921;924;22.257
924;925;33.198
906;923;34.556
925;926;28.841
928;927;34.377
929;928;4.310
905;930;9.786
931;916;89.484
895;931;0.145
932;929;87.819
933;932;12.918
934;933;42.220
935;896;10.702
936;935;2.017
930;937;14.166
938;934;44.840
940;939;4.747
942;941;6.626
939;941;3.762
941;943;1.588
939;944;3.690
946;945;11.106
947;936;10.154
943;947;9.486
949;948;18.277
947;950;0.769
950;951;5.085
943;952;7.307
953;952;2.232
954;948;4.661
950;955;2.014
952;955;11.347
955;956;0.459
957;954;5.978
945;958;10.937
960;959;12.102
948;961;9.336
957;961;3.900
945;962;21.825
959;963;35.403
964;958;2.091
964;938;37.338
966;965;5.178
963;965;1.712
963;967;13.985
961;967;2.195
956;968;1.430
962;968;8.018
967;969;4.800
969;957;3.231
962;970;3.975
969;971;9.108
971;956;16.116
968;972;1.684
970;972;9.397
970;973;6.863
958;973;29.953
974;964;9.445
965;975;10.231
973;976;6.604
972;977;2.472
976;977;4.215
975;978;3.366
979;974;5.990
980;979;14.214
977;981;1.055
981;982;2.316
974;983;7.518
983;979;7.457
959;984;21.296
984;975;8.717
985;976;6.817
984;986;2.695
978;986;6.779
981;987;1.569
985;987;5.200
971;988;16.443
982;988;20.488
989;984;9.293
988;990;1.894
991;985;23.078
983;991;10.267
986;992;9.406
978;992;10.376
993;985;12.644
991;993;8.807
994;993;4.544
994;979;24.000
995;990;21.161
990;995;12.425
992;996;11.999
995;996;4.019
997;994;3.582
987;998;5.801
998;993;10.408
988;999;16.458
999;1000;5.094
1001;999;3.122
982;1001;22.162
996;1002;6.189
1003;997;12.559
996;1004;7.517
1000;1004;13.287
1003;1005;1.891
1006;1003;10.184
1007;1006;4.541
1008;998;7.342
1009;1001;6.488
1010;1009;4.887
1010;1008;1.825
1011;1010;2.056
1004;1012;8.750
1000;1012;9.161
1013;1005;7.113
1009;1014;6.867
1015;997;12.629
1005;1015;10.827
926;1016;53.945
998;1017;5.218
1018;1015;1.574
1018;1017;11.365
1019;1011;6.005
1014;1011;11.633
1017;1020;0.721
1012;1021;11.585
1014;1021;6.682
1008;1022;15.392
1020;1022;1.647
1023;1006;14.752
1024;1018;8.432
1024;1023;10.410
1025;1024;1.252
1023;1025;14.759
937;1026;21.821
1026;908;0.476
1022;1027;22.971
1028;1025;21.683
1016;1029;8.639
1030;1020;12.245
1029;1031;21.820
907;1032;6.059
1032;1033;0.673
1033;1034;1.442
1029;1035;7.679
1031;1036;29.477
1035;1037;0.844
1038;1037;10.945
1039;1038;1.691
1035;1040;1.615
1041;1035;15.209
1040;1041;5.943
1038;1042;2.164
1042;1043;1.388
1045;1044;5.728
1041;1044;4.412
1036;1046;6.667
1047;1046;2.026
1037;1048;5.990
1048;1042;10.032
1049;1048;1.980
1032;1050;7.601
1052;1051;10.308
1044;1053;2.080
1054;1052;4.187
1055;1054;4.602
1050;1056;0.177
1053;1057;7.567
1046;1058;2.629
1057;1058;2.901
1060;1059;17.682
1034;1059;6.961
1036;1061;9.269
1058;1061;4.331
1062;1054;9.141
1061;1062;0.792
1063;1053;8.853
1040;1063;2.308
1049;1063;5.110
1062;1064;1.348
1066;1065;2.689
1067;1065;5.377
1057;1068;3.822
1069;1049;6.962
1071;1070;5.393
1064;1071;8.698
1072;1068;2.471
1068;1072;7.012
1071;1073;2.001
1059;1074;2.384
1065;1075;6.409
1076;1074;3.002
1077;1076;6.730
1078;1064;7.141
1072;1078;6.231
1075;1079;10.055
1074;1079;1.240
1078;1080;1.619
1080;1081;14.840
1081;1063;14.512
1082;1075;6.225
1084;1083;14.361
1082;1084;7.129
1086;1085;7.862
1087;1082;3.449
1079;1087;3.382
1085;1088;8.202
1084;1088;2.684
1088;1089;7.159
1087;1089;0.746
1085;1090;4.001
1091;1076;12.540
1092;1091;4.256
1089;1093;1.541
1087;1094;9.254
1094;1095;1.554
1091;1096;5.455
1088;1097;6.854
1093;1097;1.918
1094;1096;13.812
1096;1098;3.283
1099;1098;3.667
1097;1100;3.073
1093;1101;8.338
1101;1095;6.590
1098;1102;5.022
1095;1103;9.192
1056;1104;9.304
1105;1104;0.708
1101;1106;7.337
1100;1105;6.376
1104;1107;25.316
1108;1030;58.727
1107;1109;30.218
1109;910;6.727
909;1110;1.661
1111;1108;15.610
1110;912;17.801
911;1112;7.477
1112;1113;91.058
1114;1111;45.506
128;1114;1.616
1113;1115;63.911
1115;1116;40.738
1116;1117;3.728
1117;1118;3.090
1120;1119;14.856
1118;1121;4.721
1123;1122;7.370
1124;1122;4.901
1124;1121;2.442
1126;1125;6.120
1126;1124;0.318
1121;1127;32.444
1127;1128;6.244
1119;1128;24.765
1130;1129;4.528
1131;1126;7.548
1132;1127;4.178
1133;1130;10.144
1133;1131;0.381
1128;1134;4.750
1135;1131;14.440
1132;1135;2.383
1134;1132;7.340
1136;1134;4.700
1137;1136;2.366
1138;1137;6.572
1139;1137;3.259
1136;1140;3.846
1141;1140;2.242
1142;1135;9.048
1142;1143;6.180
1140;1144;1.692
1145;1144;4.899
1144;1146;5.171
1146;1142;12.200
1147;1133;3.270
1146;1148;3.693
1149;1148;3.108
1148;1150;6.032
1151;1147;2.267
1152;1150;1.693
1150;1153;9.520
1153;1154;5.210
1155;1151;3.107
1153;1156;11.847
105;1157;5.273
1157;1158;18.385
1158;1159;3.219
1159;1160;48.853
1157;112;4.410
1160;1161;23.649
1162;1155;18.422
1161;1163;26.266
1163;1164;10.628
1165;1162;11.594
1164;1166;18.045
1166;1165;21.342
1168;1167;1.911
1170;1169;1.070
1172;1171;0.540
1174;1173;0.576
1176;1175;0.594
1178;1177;3.166
1179;1178;16.218
1181;1180;17.183
1182;1181;8.982
1183;1181;30.667
1186;1187;22.278
1184;1172;29.591
1187;1179;5.527
1189;1188;7.208
1191;1190;9.778
1190;1188;4.028
1192;1171;5.074
1188;1193;8.827
1195;1194;8.931
1196;1192;22.467
1177;1197;5.591
1197;1198;0.231
1194;1197;11.129
1200;1199;6.178
1198;1200;0.916
1201;1196;5.144
1202;1192;3.345
1204;1203;9.978
1206;1205;8.082
1196;1206;6.709
1207;1190;20.118
1203;1207;2.968
1208;1206;3.911
1201;1208;5.549
1200;1209;4.670
1210;1203;12.023
1209;1210;1.003
1211;1207;2.473
1212;1211;0.588
1203;1212;4.499
1213;1201;10.406
1214;1213;4.150
1198;1215;11.576
1216;1212;2.982
1210;1216;1.467
1211;1217;19.371
1217;1168;0.538
1206;1218;10.177
1219;1213;5.822
1220;1214;12.556
1220;1167;0.357
1221;1220;0.441
1219;1223;4.333
1224;1216;6.556
1222;1224;3.007
1225;1223;1.943
1225;1208;15.244
1226;1185;30.210
1209;1227;10.757
1228;1224;2.592
1225;1229;2.454
1223;1229;4.445
1230;1211;11.270
1228;1230;10.593
1231;1228;1.734
1232;1214;18.186
1232;1221;2.520
1233;1231;5.247
1233;1227;5.158
1234;1219;12.899
1234;1232;0.889
1235;1233;6.681
1236;1235;1.522
1227;1236;8.406
1237;1235;3.659
1229;1238;10.376
1239;1202;7.747
1240;1233;10.505
1240;1237;4.647
1240;1237;3.674
1173;1239;1.070
1183;1221;29.024
1236;1241;12.864
1242;1230;15.395
1242;1231;16.000
1243;1234;15.590
1180;1234;4.936
1244;1174;4.360
1244;1180;2.883
1182;1244;5.784
1245;1226;11.153
1246;1182;15.277
1169;1245;15.317
1247;1246;36.496
1248;1170;25.703
1249;1247;6.879
1250;1249;0.631
1251;1248;6.168
1252;1250;14.854
1253;1252;1.635
1254;1253;29.258
1175;1254;21.266
1255;1176;0.453
1256;1255;21.085
1257;1256;1.014
1258;1251;73.294
1259;1257;12.521
534;1259;0.141
537;1259;2.145
1260;1258;14.431
1261;1260;35.436
536;539;22.967
1262;1261;29.842
1263;1262;18.039
1264;1263;23.818
1264;1265;11.010
1265;1266;16.126
1266;1267;9.139
1267;1268;9.923
1268;1269;1.226
1270;1268;4.857
1270;1267;6.691
1266;1271;9.291
1272;1271;7.343
1271;1273;9.626
1269;1274;8.869
1275;1264;4.356
1276;1270;8.073
1273;1276;6.526
1271;1277;5.311
1278;1276;0.650
1269;1279;9.135
1277;1280;1.056
1281;1280;3.882
1273;1277;14.123
1278;1282;2.481
1282;1283;5.046
1280;1284;2.912
1283;1285;1.318
1286;1284;8.088
1279;1287;7.027
1285;1287;4.338
1284;1288;2.814
1289;1278;7.680
1287;1290;2.194
1288;1291;3.218
1292;1289;4.997
1292;1291;4.516
1290;1293;3.199
1288;1294;2.383
1295;1294;1.683
1285;1296;5.024
1283;1296;6.227
1297;1295;7.039
1291;1292;6.638
1298;1293;1.353
1294;1299;2.736
1279;1300;11.439
1293;1300;5.018
1296;1301;2.681
1295;1302;3.646
1303;1289;6.249
1299;1302;5.854
1301;1304;3.638
1304;1301;3.394
1303;1305;5.123
1304;1306;0.751
1307;1306;5.530
1307;1282;13.097
1305;1307;3.926
1299;1308;6.685
1290;1309;9.032
1306;1309;2.983
1310;1303;3.127
1308;1310;2.299
1310;1311;0.801
1312;1275;6.543
1300;1312;6.273
1302;1313;4.805
1308;1314;6.326
1305;1315;3.109
1311;1315;4.313
1309;1312;12.519
1316;1307;3.414
1315;1316;3.102
1306;1317;4.635
1317;1318;2.025
1316;1319;2.237
1320;1317;2.801
1320;1319;3.538
1321;1318;2.592
1321;1320;5.177
1312;1322;2.203
1322;1318;14.117
1323;1321;2.503
1319;1324;8.239
1325;1324;13.305
1326;1311;13.457
1324;1327;7.317
1322;1328;6.267
1328;1329;3.093
1329;1330;1.038
541;540;41.028
1331;1330;3.868
1332;1331;11.048
1333;1332;10.755
1334;1333;8.741
1335;1334;2.415
1336;1335;52.273
1337;1336;99.406
1337;1338;5.505
1338;1339;8.069
1338;1340;6.308
1340;1341;1.221
1341;1342;1.944
1341;1340;17.403
1342;1343;7.523
1342;1343;1.953
1345;1344;3.978
1345;1346;5.670
1343;1347;1.823
1347;1345;4.862
1348;1346;2.227
1350;1349;2.186
1348;1350;4.048
1347;1351;2.071
1351;1352;0.302
1350;1352;4.307
1353;1348;6.990
1352;1354;2.492
1354;1353;2.386
1354;1355;2.228
1355;1353;8.055
1357;1356;9.842
1358;1357;26.715
1359;1357;1.310
1360;1359;3.176
1355;1361;6.052
1359;1361;3.715
1360;1362;2.337
1361;1363;1.093
1363;1362;0.879
1364;1360;16.131
1364;1365;3.475
1365;1366;5.346
1362;1366;3.523
1366;1367;0.933
1365;1367;0.963
1367;1368;0.692
1368;1369;4.088
1369;1364;11.519
1363;1370;7.255
1369;1371;2.355
1370;1372;15.047
1368;1372;17.808
1372;1373;1.324
1379;1378;2.578
1381;1380;2.488
1383;1382;1.113
1385;1384;2.599
1387;1386;4.117
1389;1388;3.080
1391;1390;1.592
1393;1392;5.735
1395;1394;1.459
1397;1396;0.841
1399;1398;3.413
1401;1400;1.451
1403;1402;0.715
1405;1404;0.375
1407;1406;0.727
1409;1408;1.927
1411;1410;0.576
1413;1412;0.371
1416;1415;0.455
1418;1417;3.399
1420;1419;1.038
1422;1421;1.105
1424;1423;0.822
1426;1425;0.384
500;1427;1.581
1427;1395;18.804
1394;1428;6.221
1430;1397;26.777
1431;1429;27.494
1396;1432;19.317
1432;1433;24.706
1433;1434;0.417
1434;1435;15.934
1435;1436;1.542
1436;1437;3.634
1440;1439;28.291
1438;1439;4.193
1437;1441;1.573
1443;1442;16.166
1444;1431;79.655
1446;1445;29.866
1447;1443;21.087
1449;1448;11.992
1443;1449;24.138
1451;1450;5.943
1453;1452;57.375
1445;1453;15.019
1454;1449;20.914
1454;1447;23.112
1450;1455;16.631
1456;1447;31.670
1453;1456;14.104
1457;1454;6.421
1455;1458;9.496
1441;1399;10.683
1445;1459;42.250
1460;1456;15.479
1459;1461;3.758
1459;1462;4.865
1463;1460;11.326
1462;1464;5.617
1464;1461;4.341
1460;1465;12.239
1462;1465;5.987
1467;1466;120.339
1439;1467;25.406
1468;1444;12.379
1469;1468;0.214
1410;1469;0.136
1467;1470;0.919
1471;1398;0.330
1465;1472;6.541
1464;1472;7.056
1473;1471;0.797
1472;1474;3.158
1461;1475;19.112
1470;1475;3.119
1476;1475;4.324
1474;1477;7.182
1477;1476;4.614
1458;1478;71.506
1478;1479;2.877
1479;1460;22.806
1479;1474;9.150
1480;1473;1.735
1481;1476;5.523
1475;1482;9.546
1483;1479;8.008
1483;1477;13.559
1484;1483;5.248
1485;1482;33.130
1486;1484;9.873
1482;1486;15.923
1486;1487;6.646
1488;1484;15.071
1489;1488;7.326
1491;1490;37.129
1492;1486;5.527
1490;1489;32.418
1493;1489;2.380
1494;1488;3.643
1495;1411;16.667
1496;1494;14.526
1492;1496;5.596
1497;1486;12.995
1498;1497;2.975
1499;1498;4.130
1500;1493;10.284
1501;1492;6.456
1501;1497;5.571
1502;1494;5.961
1503;1500;2.961
1504;1502;10.058
1504;1496;6.995
1505;1503;11.885
1505;1493;8.989
1506;1505;9.612
1506;1502;2.779
1507;1500;17.203
1508;1504;9.240
1508;1501;7.260
1509;1506;20.053
1509;1508;5.549
1498;1510;16.504
1510;1480;54.274
1510;1511;3.520
1412;1495;4.452
1511;1509;11.490
1512;1506;14.327
1513;1512;5.400
1514;1509;8.363
1511;1514;15.993
1515;1512;4.163
1515;1514;15.812
1516;1515;5.021
1517;1514;7.255
1516;1518;4.567
1519;1503;28.150
1519;1516;15.806
1517;1520;5.360
1521;1517;13.189
1522;1514;21.139
1522;1523;4.257
1524;1480;15.464
1519;1525;16.973
1526;1521;9.035
1526;1522;9.767
1527;1526;5.989
1528;1521;23.032
1529;1413;9.971
1525;1530;37.144
1530;1528;38.813
1531;1529;6.435
1533;1532;3.840
1534;1532;7.841
1534;1531;12.215
1535;1534;1.026
1536;1532;10.498
1537;1535;2.191
1537;1538;8.243
1539;1537;4.107
1540;1539;2.948
1542;1541;2.631
1543;1539;1.011
1541;1543;4.906
1544;1543;1.600
1545;1544;5.543
1541;1545;5.673
1547;1546;1.898
1548;1547;2.997
1549;1545;6.749
1549;1535;30.327
1550;1548;1.748
1552;1551;32.407
1544;1552;10.999
1553;1549;3.334
1546;1553;9.371
1553;1554;9.145
1555;1544;3.551
1554;1555;2.828
1556;1554;4.571
1557;1553;9.349
1557;1558;7.806
1559;1555;2.914
1558;1559;4.428
1561;1560;1.099
1560;1562;2.480
1378;1561;3.114
1559;1379;6.216
1558;1563;5.036
1564;1563;4.188
1565;1557;8.399
1566;1559;2.942
1563;1566;4.928
1563;1567;4.428
1568;1566;5.690
1569;1568;9.319
1570;1524;45.939
1571;1570;12.275
1572;1569;13.999
1576;1575;47.929
1576;1577;58.178
1575;1578;12.897
1579;1578;28.314
1575;1581;13.742
1577;1583;9.099
1586;1583;10.838
1586;1587;12.802
1588;1381;13.234
1578;1590;18.627
1380;1590;3.682
1586;1592;21.771
1578;1592;37.565
1593;1592;12.197
1590;1593;28.368
1595;1593;8.614
1595;1596;12.367
1583;1597;34.842
1598;1592;22.708
1599;1572;16.146
1600;1595;7.963
1601;1599;0.294
1598;1602;4.429
1597;1603;6.519
1603;1598;13.829
1604;1603;14.736
1594;1605;8.268
1606;1601;36.848
1607;1606;11.866
1605;1393;31.622
1608;1607;33.209
1609;1608;70.875
1608;1610;4.158
1610;1611;0.837
1612;1610;10.729
1611;1613;3.381
1613;1614;2.878
1616;1615;10.862
1618;1617;12.235
1618;1619;3.722
1619;1617;7.600
1614;1620;3.331
1617;1620;6.878
1621;1601;29.215
1622;1611;18.308
1623;1618;5.644
1615;1623;17.665
1624;1623;10.098
1620;1625;2.527
1626;1614;8.811
1620;1626;9.085
1612;1627;17.270
1622;1627;6.849
1625;1628;2.349
1619;1628;7.103
1629;1624;8.118
1615;1629;12.091
1630;1625;4.786
1628;1631;0.994
1629;1624;12.473
1632;1613;21.127
1632;1626;5.848
1631;1633;1.935
1623;1633;9.334
1634;1612;30.738
1627;1634;14.267
1633;1635;1.544
1634;1636;5.560
1637;1615;21.028
1638;1632;4.511
1635;1639;5.461
1631;1640;8.550
1635;1641;6.326
1641;1629;10.012
1642;1622;21.409
1642;1638;5.949
1643;1392;5.562
1627;1634;37.161
1645;1641;4.095
1646;1643;1.508
1647;1638;13.602
1649;1646;2.329
1650;1649;0.966
1384;1642;36.794
1652;1651;2.322
1653;1650;6.436
1655;1654;14.505
1651;1654;18.879
1654;1656;1.878
1415;1657;0.324
1658;1653;4.597
1659;1658;1.545
1656;1660;26.689
1661;1659;3.915
1660;1662;30.414
1660;1662;13.510
1663;1416;41.703
1664;1663;37.836
1666;1665;9.378
1662;1667;49.931
1665;1667;13.074
1669;1668;4.740
1667;1668;15.339
1670;1664;19.427
1668;1670;17.024
1671;1667;5.555
1672;1671;2.802
1672;1665;10.124
1673;1666;10.858
1674;1672;9.206
1675;1674;2.431
1675;1666;12.555
1676;1671;7.092
1677;1675;5.820
1677;1673;6.208
1678;1676;6.898
1679;1674;6.066
1680;1678;1.985
1679;1680;2.876
1648;1681;84.973
1682;1676;18.836
1683;1676;8.593
1678;1683;4.212
1684;1677;14.767
1685;1684;0.525
1686;1679;4.276
1680;1683;12.107
1687;1377;113.488
1688;1661;28.129
1689;1688;1.036
1690;1685;59.750
1681;1691;50.673
1692;1621;85.471
1691;1693;12.255
1694;1689;37.053
1695;1690;29.297
1696;1695;3.687
1698;1697;10.828
1699;1696;9.030
1698;1699;4.412
1700;1698;2.862
1699;1701;3.305
1701;1702;3.308
1703;1696;16.597
1692;1704;47.860
1705;1700;7.235
1704;1706;3.207
1707;1701;10.045
1705;1707;5.851
1708;1705;3.700
1710;1709;15.786
1707;1710;3.214
1706;1708;22.891
1710;1711;3.171
1711;1710;10.897
1708;1711;17.341
1712;1692;17.958
1713;1711;14.471
1406;1687;55.219
1714;1407;1.376
1715;1714;1.439
1717;1716;5.599
1718;1712;14.437
1719;1717;14.126
1716;1719;7.146
1719;1720;2.409
1720;1721;15.939
1723;1722;5.076
1725;1724;4.240
1721;1724;1.383
1386;1726;17.584
1724;1726;3.557
1723;1387;8.425
1720;1727;33.021
1721;1728;22.827
1728;1727;9.063
1727;1729;6.484
1726;1730;16.688
1730;1728;5.407
1730;1731;1.826
1732;1731;6.287
1731;1733;3.073
1733;1734;10.259
1722;1735;24.783
1736;1694;40.975
1735;1737;48.253
1738;1736;1.173
1739;1738;0.855
1741;1740;0.358
1743;1742;12.818
1742;1744;1.848
1740;1742;29.859
1746;1745;6.451
1744;1745;5.717
1745;1747;3.357
1748;1738;21.725
1747;1748;3.203
1748;1749;10.860
1750;1739;6.477
1749;1750;9.764
1751;1747;8.788
1693;1752;72.064
1753;1749;10.886
1751;1753;4.709
1754;1751;3.596
1754;1745;10.715
1754;1744;14.096
1755;1754;3.691
1756;1741;16.364
1757;1755;5.806
1758;1757;10.903
1759;1750;3.494
1760;1757;7.502
1761;1754;7.688
1762;1753;8.884
1761;1762;3.101
1763;1759;16.212
1762;1763;9.449
1764;1755;6.053
1737;1765;81.582
1767;1766;9.467
1766;1768;11.264
1768;1769;2.618
1770;1759;9.614
1770;1763;39.252
1768;1771;9.565
1766;1771;11.351
1752;1772;17.593
1771;1773;7.885
1773;1772;1.322
1774;1772;11.860
1775;1774;4.957
1776;1773;8.867
1774;1776;9.657
1777;1775;6.521
1778;1777;24.832
1773;1779;4.378
1780;1775;6.494
1779;1781;5.939
1781;1776;6.965
1782;1779;2.305
1783;1777;9.330
1784;1782;2.208
1785;1782;5.158
1786;1781;5.611
1787;1784;7.997
1788;1786;9.582
1789;1718;40.106
1790;1784;28.698
1790;1781;36.069
1765;1789;56.643
1791;1770;15.000
1792;1756;34.718
1793;1715;64.500
1794;1792;22.348
1795;1794;1.314
1796;1789;17.645
1798;1797;7.701
1799;1798;5.112
1799;1798;17.135
1800;1799;3.891
1417;1795;9.521
1800;1801;16.370
1801;1802;28.256
1803;1801;3.328
1804;1418;3.393
1806;1805;3.993
1805;1800;18.821
1801;1805;11.301
1807;1805;5.306
1808;1803;6.644
1809;1808;3.126
1805;1810;10.722
1810;1803;8.966
1811;1810;5.254
1808;1811;6.071
1812;1808;6.964
1408;1793;18.334
1813;1807;26.340
1814;1804;5.765
1815;1807;11.410
1815;1810;7.420
1813;1814;9.384
1816;1811;5.184
1817;1815;11.428
1817;1816;3.741
1818;1817;4.628
1819;1791;25.623
1820;1819;5.125
1822;1821;23.628
1823;1822;9.751
1824;1820;0.295
1825;1822;16.925
1822;1826;9.243
1827;1796;20.886
1826;1828;4.116
1829;1824;1.678
1831;1830;2.829
1828;1832;4.702
1833;1829;1.224
1834;1826;11.654
1835;1831;31.726
1828;1835;23.545
1836;1833;2.752
1835;1837;6.227
1388;1835;17.169
1837;1838;10.009
1400;1836;8.364
1839;1827;21.415
322;1409;72.120
1840;1839;45.368
1841;1840;1.114
1844;1841;1.148
1845;1843;4.212
1846;1401;64.666
1847;1846;0.991
1848;1845;49.770
1850;1849;13.612
1849;1851;8.291
1851;1848;107.143
1852;1850;27.942
1853;1847;27.536
1855;1854;9.966
1857;1856;9.514
1858;1857;10.340
1854;1859;17.064
1860;1858;4.288
1859;1861;4.276
1861;1862;3.977
1862;1863;2.072
1864;1857;24.353
1863;1864;1.493
1865;1859;7.118
1866;1860;8.705
1867;1860;8.901
1866;1867;3.862
1858;1868;13.510
1869;1867;1.098
1870;1865;14.779
1854;1870;28.636
1869;1868;6.758
1871;1864;11.355
1861;1872;13.445
1872;1865;8.360
1873;1869;5.309
1873;1866;6.898
1868;1874;4.769
1874;1873;9.060
1875;1873;4.760
1875;1866;8.147
1870;1876;8.929
1872;1391;5.251
1877;1871;8.011
1878;1875;4.367
1879;1864;19.923
1879;1871;7.573
1874;1880;6.770
1881;1878;3.422
1882;1878;2.106
1882;1879;7.236
1883;1877;4.498
1884;1877;8.264
1885;1884;3.049
1390;1886;13.813
1876;1390;6.612
1886;1876;12.200
1887;1882;7.559
1887;1888;4.047
1888;1879;10.117
1889;1873;16.237
1889;1887;7.818
1888;1884;17.350
1890;1886;7.829
1891;1885;10.485
1892;1844;45.568
1893;1852;29.845
1889;1420;18.802
1419;1893;5.955
1894;1892;1.933
1421;1890;2.918
1897;1894;1.481
1898;1897;1.742
1899;1898;1.967
1402;1853;26.212
1900;1896;9.959
1901;1403;2.276
1902;1901;4.256
1903;1899;9.661
1904;1903;1.007
1906;1902;3.719
1908;1907;1.090
1909;1906;0.556
1911;1910;24.480
1900;1910;11.820
1910;1912;1.745
1914;1909;4.298
1907;1915;19.372
1918;1917;7.658
1918;1912;29.982
1915;1919;2.714
1912;1920;2.045
1915;1920;9.534
1920;1921;1.442
1921;1919;9.620
1923;1914;4.199
1924;1908;16.548
1919;1925;6.046
1924;1925;13.819
1914;1926;10.550
1921;1927;2.338
1925;1928;6.619
1929;1383;38.364
1929;1923;4.935
1930;1922;17.745
1931;1930;16.006
1932;1931;3.600
1929;1933;5.554
1926;1933;13.563
1934;1929;1.804
1935;1918;30.946
1935;1921;21.025
1936;1928;17.252
1936;1924;16.546
1927;1937;5.102
1382;1938;20.608
1938;1934;3.061
1939;1927;15.594
1933;1940;17.019
1926;1940;15.417
1928;1941;12.032
1941;1936;3.519
1939;1942;2.997
1943;1934;6.434
1943;1944;7.010
1944;1945;4.913
1945;1946;3.884
1947;1935;6.591
1942;1947;4.149
1930;1948;21.705
1949;1939;3.546
1937;1949;5.381
1944;1945;6.812
1946;1950;9.839
1940;1950;4.038
1951;1943;4.498
1937;1952;2.747
1952;1941;7.152
1942;1949;10.211
1953;1952;1.527
1954;1936;10.687
1954;1953;10.185
1955;1953;0.694
1949;1956;10.047
1956;1955;1.803
1938;1957;12.009
1957;1943;10.917
1950;1958;8.630
1958;1959;7.673
1958;1960;4.830
1961;1932;38.458
1962;1947;15.915
1962;1956;11.824
1963;1955;2.909
1964;1963;3.199
1931;1965;40.367
1966;1957;6.802
1946;1967;17.736
1968;1966;3.257
1961;1965;51.070
1967;1969;12.107
1969;1958;6.352
1970;1958;10.769
1965;1970;8.030
1969;1970;10.746
1971;1967;5.614
1972;1963;1.416
1972;1973;3.514
1972;1974;0.762
1975;1962;14.486
1976;1971;6.196
1977;1904;12.171
1974;1978;4.499
1979;1966;6.708
1979;1976;7.111
1980;1969;6.816
1981;1938;14.718
1982;1971;8.405
1982;1980;10.307
1983;1962;11.166
1984;1979;3.794
1985;1954;18.098
1986;1977;0.876
1987;1983;13.310
1987;1974;2.152
1981;1979;34.827
1988;1982;4.991
1989;1980;5.243
1990;1987;1.659
1990;1985;5.287
1991;1987;4.477
1992;1984;5.066
1993;1976;9.374
1993;1988;6.075
1992;1994;7.313
1994;1984;7.541
1995;1981;2.232
1996;1992;15.271
1994;1993;7.359
1997;1996;13.685
1995;1997;7.122
1998;1985;9.899
1998;1999;10.207
2000;1990;2.432
2001;1988;20.835
2000;1983;23.940
1404;1995;3.798
2002;2000;12.292
2002;1998;11.471
2003;2000;4.644
2003;2002;4.514
2004;1405;5.894
2005;1986;11.280
2006;2003;10.727
2007;2005;0.919
2008;2006;5.676
2009;2007;4.830
2010;2008;1.624
2011;2009;2.052
2012;2011;1.036
2013;2004;10.635
1423;1422;66.159
2014;2012;3.163
1425;1424;0.781
2015;1426;3.861
2015;2016;3.407
2018;2017;1.101
2019;2014;4.057
2019;2008;12.157
2016;2020;8.112
2020;2018;6.646
2020;2021;2.859
2021;2022;4.393
2023;2020;27.928
2022;2023;10.496
2023;2024;20.626
2021;2025;5.234
2022;2026;10.700
2025;2027;5.325
2028;2025;10.062
2029;2023;11.719
2030;2029;4.868
2031;2028;14.124
2033;2032;16.503
2033;2029;7.322
2034;2033;6.922
2035;2033;8.091
2036;2019;37.425
2037;2013;79.578
2038;2036;31.205
2039;2038;0.355
2040;2039;5.874
2041;2040;18.835
2042;2041;0.685
2043;2042;33.242
2044;2037;68.463
2045;2044;5.890
2046;2043;12.280
2047;2045;4.646
1414;2046;3.009
2048;2047;77.193
548;550;44.592
563;559;15.662
565;563;23.352
98;102;333.372
1594;1588;50.064
2013;420;370.336
